21605	21605	鑫美源通讯合作厅	117.718448240680004000	40.082496788008001000
21701	21701	宏轩通讯	117.718448240680004000	40.082496788008001000
21702	21702	时代数码通讯	117.729471287610011000	40.007611952923007000
21703	21703	盛联通讯	117.555728947020000000	40.087863534676003500
21612	21612	天马通讯	117.612974597860017000	40.091208696590001600
21613	21613	鑫汇通讯	117.611819953990008000	40.091847486944999400
21620	21620	新时代通讯	117.177447990920001000	39.915446900088007000
21801	21801	天天如意	117.461930564159999000	39.057959271075006300
21903	21903	永汇通信宜兴埠营业厅	117.227448493340006000	39.198434106374001800
21910	21910	畅威营业厅	117.211217000000005000	39.740750999999995900
21809	21809	双龙通合作厅	117.248716999999999000	39.595112000000000300
22204	22204	卓越手机连锁	117.512604757849999000	38.734923387243000500
22205	22205	中国联通油田营业厅	117.512793540850012000	38.734519659025004000
22206	22206	晋泽	117.512886485910002000	38.734196335328007900
22207	22207	驿执商贸	117.512914660340002000	38.734124829793003600
22302	22302	宏瑞通讯	117.514124446099998000	38.731249747048003900
22210	22210	河南路联通自营厅	117.666456746830008000	39.010957191344999700
22408	22408	耀辉通讯	117.395923183920019000	38.868825200011997400
22510	22510	中国电信新世纪通讯	117.458843197280004000	38.843663711514999200
22418	22418	百信通讯	117.510909026390010000	39.049427620860996100
22427	22427	紫云	117.715317815549994000	39.016483405161004300
22428	22428	紫云	117.715317815549994000	39.016483405161004300
22517	22517	吉顺达合作厅	117.319279527640006000	39.732586064126003600
22518	22518	vivo专卖	117.493974833030009000	39.083874917748005400
22519	22519	中国电信解放路营业厅	117.664085118070005000	39.069754768180004600
22601	22601	口东联通营业厅	117.376006871060000000	39.688176112122995700
22904	22904	联通天山路标准营业厅	117.282800408030013000	39.146424547546999400
23006	23006	中国电信天翼手机旗舰店	117.235240021660005000	39.164756709112005200
22907	22907	中国联通中山门营业厅	117.262350368760011000	39.111463951535000700
23007	23007	电信裕兴利中山门店	117.266171628420011000	39.110036686781001000
22908	22908	中国联通	117.234477334250002000	39.162117702006000300
22909	22909	中国联通	117.234711570889999000	39.161570678098002000
21606	21606	万众指定专营店	117.718360028969997000	40.006053869395003600
21608	21608	金华宇通讯	117.711537993380006000	40.082773177868006100
21501	21501	绍洋	117.382867708999996000	38.997807671678003800
21601	21601	中国联通	117.433219115559993000	39.796837527923003100
21610	21610	中国联通	117.587425009970005000	40.099842006038002800
21611	21611	VIVO专卖	117.555503466040008000	40.087732596097005500
21704	21704	中国联通	117.427025548210011000	40.049638539221007200
21705	21705	超前手机联通店	117.426565466090011000	40.049778414126002700
21706	21706	超前环岛电信店	117.426105239199998000	40.050187293467999400
21707	21707	中国联通	117.415824112590002000	40.049382893354000100
21708	21708	悦顺恒合作厅	117.415851040320007000	40.049438775281998900
21709	21709	佳佳奇通讯	117.415675260830014000	40.049281836417002000
21616	21616	中国电信吉祥一店	117.415821635290001000	40.049470255965999900
21618	21618	鸿雁行全网通手机大卖场	117.261741161659998000	39.915322411638001700
21721	21721	红叶通讯	117.180816256280011000	39.915138432319004400
21621	21621	佳乐通通讯	117.204696546669993000	39.972687407830001400
21724	21724	亚易佳通讯连锁	117.422778825630004000	40.015389085189006800
21725	21725	大宇通讯	117.422840830810003000	40.016555231140003500
21901	21901	欧珀众合	117.461907472440004000	39.058503336167000000
21802	21802	移信通	117.462312728369994000	39.057928631673000600
21905	21905	佳信通信连锁	117.415337568889996000	40.020417736121004300
21808	21808	富达营业厅	117.201088999999996000	39.685511999999995700
22103	22103	中国联通解放路营业厅	117.670319000000006000	39.024660999999994700
22104	22104	中国电信凯睿鑫合作厅	117.668600999999995000	39.039616999999999800
22203	22203	五洲通讯连锁	117.512634426130006000	38.734827419287000800
22307	22307	中国电信	117.374621522799998000	39.177891977640001600
22503	22503	联通胜利街厅	117.459877990150005000	38.843939594853004800
22404	22404	新世纪通讯旗舰店	117.460885501860005000	38.846602532760002200
22405	22405	中国联通联合创展手机旗舰店	117.460765503520008000	38.846603889476000400
22409	22409	宁河宁信业务代办处	117.780448317340003000	39.532732979653999900
22411	22411	维建合作厅	117.325319594890004000	39.636775788485003600
22412	22412	cn测试竞争对手	117.166461137100001000	39.143351425246002900
22415	22415	凯越通手机专卖	117.453296172670008000	39.692931825983002600
22509	22509	港东营业厅	117.500871342310006000	38.858718308203997100
21602	21602	中国电信速之达合作厅	117.442204025679999000	39.819615123902998700
21713	21713	亚易佳通讯	117.271817550430001000	39.996764945123004500
21714	21714	恒鸿通讯	117.446665097320008000	40.193291762254006000
21716	21716	VOVI中国电信	117.258997757270009000	39.915328989936000400
21719	21719	鸿雁行通讯	117.262954805709995000	39.861199733101997800
21722	21722	微波合作厅	117.423239620260006000	40.013172940629999600
21804	21804	金天恒	117.232658589730008000	39.217833277281002300
21909	21909	联通自营厅	117.444332065730009000	40.051866751138000200
22208	22208	永通通讯	117.514122526620000000	38.731286942446999400
22209	22209	百分百通讯	117.514126865750001000	38.731399701144006500
22401	22401	凤军通讯	117.451320168359999000	39.411162244641005300
22402	22402	宝安通讯	117.447717847960007000	39.411392920095003900
22501	22501	大军手机店	117.390403348549995000	39.453967208448006000
22406	22406	鸿顺通电信合作厅	117.428351621060003000	38.875636058533999100
22407	22407	联通自办厅	117.392648653839998000	38.870340970965997900
22505	22505	骄阳通讯	117.461307076270003000	38.838722629134004200
22413	22413	中国电信天翼手机卖场	117.475816642799998000	38.844802668098999700
22414	22414	中国电信中国联通	117.475788217960002000	38.844861245555996700
22416	22416	中国电信电视宽带手机服务中心	117.334030918840000000	39.721362896099996900
22417	22417	中国电信	117.453251449670006000	39.692928007805001300
22511	22511	鑫金翼通讯	117.557574127300001000	39.095681329047003800
22419	22419	俩家混营	117.510734182510006000	39.049339021307005700
22420	22420	vivo	117.498818746920008000	39.051800107821002000
22424	22424	中国电信	117.461905414960000000	39.058331980319003700
22515	22515	oppo电信	117.461476168450005000	39.054940606427003000
22425	22425	中国联通	117.454535081610004000	39.061056252526000800
22426	22426	中国电信	117.453760580299999000	39.061770120424000700
22429	22429	众翼通	117.313148631740006000	39.729081609192000700
22520	22520	中国联通	116.839958133549999000	38.821622221987006200
22701	22701	新安镇联通营业厅	117.472037781390014000	39.732678775019003600
22702	22702	郝各庄联通自办厅	117.325690937090002000	39.636032308385999600
22703	22703	海航通讯	117.287190598890007000	39.661890289283000800
22803	22803	中国电信佳宝科技	117.338372850920010000	39.639311038532000000
22704	22704	中国电信愿景	117.387330378990015000	39.572062874071001200
21609	21609	中国联通	117.611903345840005000	40.091051789597003100
21614	21614	鑫源通讯	117.415837971970006000	40.049451109044000000
21617	21617	艳丽通通讯	117.263548827470004000	39.915075599086996800
21718	21718	联通自办厅	117.257782344990005000	39.915288106742998800
21604	21604	鑫美源合作厅	117.714962552309998000	40.082090303274000600
21607	21607	双联营业厅	117.718360028969997000	40.006053869395003600
21619	21619	宝永通讯	117.265044163799999000	39.858495589910006600
21720	21720	金利来通讯	117.268482996459994000	39.855023582003006800
21902	21902	天天如意	117.461864200280004000	39.057985750065000700
21803	21803	红旺通讯	117.426117982999998000	40.143002757852997300
21906	21906	佳兴通讯	117.414561133640007000	40.048950560244001900
21805	21805	金宝通讯	117.415184577510004000	40.048962411766005700
21807	21807	天宇合作厅	117.208258999999998000	39.797136999999999300
22303	22303	宏瑞通讯	117.514201148520002000	38.731184065233001900
22304	22304	永通通讯	117.514113782210004000	38.731334026937005900
22502	22502	金汇通营业厅	117.167015926390008000	38.754459367901006300
22403	22403	红喜	117.167304451510006000	38.751950199051997000
22410	22410	佳宝电信厅	117.339197520980008000	39.639372877751995400
22507	22507	唯美通讯	117.390802723310003000	39.453714238382005400
22508	22508	联通营业厅	117.495476402600005000	38.851316923128003100
22512	22512	鑫磊手机店	117.509320099220005000	39.050380557547001100
22423	22423	怡辉通讯	117.485615822620005000	39.049520258800001200
22516	22516	中联通讯合作厅	117.313148631740006000	39.729081609192000700
22431	22431	天宇欣欣	117.209224008850015000	39.797042701455005400
22602	22602	天然	87.619686722937004200	43.835441805077998400
22801	22801	维建联通合作厅	117.325273989920007000	39.636727616043003800
22802	22802	佳宝科技	117.287179059860009000	39.661978600511005800
22901	22901	aaa	117.166656142480008000	39.143246965503998100
23001	23001	开发区营业厅	117.062608602739999000	39.400418644837003500
22902	22902	中国电信	117.283286670080002000	39.145324959508002400
22903	22903	日顺合作厅	117.238608450150011000	39.127530280491008300
22905	22905	电信嘉华沃尔玛营业厅	117.229385662330003000	39.143560575640002200
22906	22906	天津联通博事合作厅（沃德合作厅）	117.224348396340005000	39.144293406693002200
23004	23004	电信网特科技合作厅	117.215228054850016000	39.148559033029997100
21603	21603	中国联通	117.714962552309998000	40.082090303274000600
21615	21615	金海天通讯	117.415830358880001000	40.049426229929999000
21401	21401	绍洋	117.382867708999996000	38.997807671678003800
21710	21710	恒信通讯	117.276271068680003000	39.996347634164003200
21711	21711	亚易佳合作厅	117.273993159730011000	39.996701154713001400
21712	21712	中国联通	117.438234540250008000	40.200257321572003400
21715	21715	耿文龙通讯	117.225550580620009000	40.001886382958005600
21717	21717	亚易佳通讯连锁	117.260681464660010000	39.915413983633008900
21723	21723	微波合作厅	117.423219860670002000	40.013090019764007400
21904	21904	军腾通讯综合厅	117.239015349810003000	39.219926693351006000
21806	21806	金明通讯	117.415545791800000000	40.048994535266004400
21907	21907	敏越合作厅	117.415620908730006000	40.049021449127998600
21908	21908	如意通讯	117.415559128730010000	40.048996842515002500
22001	22001	中国联通	117.674095999999992000	39.054936999999995400
22101	22101	纵扬电信合作厅	117.678146685870004000	39.021000974259003200
22002	22002	森昌联通合作厅	117.663810999999996000	39.063758999999997500
22102	22102	联通营业厅	117.664591253830011000	39.026535633145002200
22201	22201	启航连锁	117.506510401119996000	38.809864115869004300
22202	22202	科艺营业厅	117.502844065130006000	38.736314394593996700
22301	22301	巨龙电信合作厅	117.506313833020016000	38.736353198480003400
22305	22305	畅想合作厅	117.511210667539999000	38.730065520116006900
22306	22306	天翼互联网手机卖场	117.511533430970019000	38.730155010699000700
22504	22504	时尚通讯贵宾店	117.460464815540007000	38.849613461831005200
22506	22506	宁河宁信业务代办处	117.780448317340003000	39.532732979653999900
22513	22513	天天手机超市	117.509060527130004000	39.049522508885004900
22514	22514	中国电信	117.502870949300004000	39.051630262420999900
22421	22421	贻岚通讯	117.494187162819998000	39.050912169960000100
22422	22422	中国电信	117.485580882110000000	39.049450801779997300
22430	22430	中国电信	117.316890688350000000	39.729130024628005900
22521	22521	中国电信解放路营业厅	117.664650341699996000	39.026644534711003600
23002	23002	龙兴科贸合作厅	117.251710789930002000	39.112676947419998900
23003	23003	中国电信	117.245524131600007000	39.144527892482003000
23005	23005	中国联通常州道营业厅	117.248528946950003000	39.152851543292001700
22917	22917	中国联通	117.230653163690008000	39.168654076747003500
22919	22919	中国电信	117.229965019169995000	39.165342709573003800
23201	23201	中国联通龙居花园	117.250878913820017000	39.028539756183001000
23112	23112	中国电信宽带电视手机	116.974957357730006000	39.482903052855000700
23215	23215	百利通讯	117.198570802550009000	39.534218800459996100
23217	23217	中国联通耿春华合作厅	117.200925479810010000	39.530278392751000600
23402	23402	崔灿通讯合作厅	116.950509048630010000	39.406372500883001900
24109	24109	咖宁通讯合作厅	116.910625740610001000	39.193257788257007200
24110	24110	全网通手机专卖	116.910218661750008000	39.187866836365003600
24112	24112	王庆坨联通电信合作厅	116.908065508960007000	39.191067613759003100
24211	24211	书侠通讯	116.950525430650004000	39.253332024455005500
24701	24701	贵信营业厅	117.332987202848002000	38.954516647958918400
22913	22913	中国联通	117.286210648960008000	39.157748236956997800
22916	22916	天津联通	117.208830867480017000	39.155649435520999200
22918	22918	中国电信	117.225508326160011000	39.134882665336000700
23101	23101	中国电信大任庄	117.248384354059994000	39.035044829446000800
23204	23204	小南河营业厅	117.143518030440006000	39.048178187128002000
23104	23104	延安路汉中里	117.120695092980014000	39.141330492072000900
23106	23106	中国电信新华道营业厅	117.014259786240004000	39.145236042898005700
23107	23107	中国联通手机旗舰店	117.014687530740005000	39.145169884364996400
23207	23207	中国联通柳口路营业厅	117.018891158469998000	39.144769585323999200
23111	23111	宇轩综合营业厅	116.981407227460011000	39.064070215462997700
23302	23302	中国联通	117.075772947210012000	39.381477564092996600
23303	23303	唯美通讯，树稳通讯合作厅	117.104508463119998000	39.551804771877002100
23803	23803	城关电信合作厅	116.887247532390006000	39.531355365842003400
23805	23805	中北镇溪华苑营业厅	117.076420956460012000	39.127573322902002000
23806	23806	国讯通讯营业厅	117.200296219030008000	39.051700343122000400
23708	23708	高庄子营业厅	117.200246233160016000	39.051704347436000800
23807	23807	士伟通讯合作厅	117.181933169580006000	39.056302455741999300
23710	23710	联通	116.974856633670001000	39.090484041271999200
24206	24206	武清城关联通自建厅	116.893075362359994000	39.531437057167004000
24208	24208	联通黄花店自建营业厅	116.910621407830007000	39.366077621247001200
24209	24209	中国联通	116.937404720900005000	39.241718864325001400
24212	24212	汊沽港自营厅中国电信	116.955869510810004000	39.257213063793003000
24301	24301	联通运河家园店	117.811445352260009000	39.355705946842000700
24401	24401	中国联通	117.173133296520007000	39.196718620584000800
24403	24403	中国联通	117.155376338840014000	39.217581867246003900
22911	22911	中国电信	117.258428307930004000	39.168187151737001300
23011	23011	中国电信榆关道店	117.192777023250002000	39.185106784768997600
22914	22914	中国联通	117.194067654999998000	39.185708899180006900
22921	22921	中国电信	117.261457076970004000	39.135632317571001700
23202	23202	宝宏宇联通营业厅	117.122856463210013000	39.063681241509002000
23108	23108	中国电信新华道营业厅	117.014480896030008000	39.145272115257000700
23113	23113	武清崔黄口后巷联通自建厅	117.129535548970011000	39.520527890417000100
23301	23301	天翼互联网手里卖场	117.065638333929996000	39.393803437351998300
23802	23802	荣顺通讯营业厅	117.163346371050011000	39.062067133235004200
23706	23706	中国电信	117.090973685790004000	39.386438490209002300
23707	23707	中国电信宽带服务中心	117.095161041790007000	39.133371980020996300
23709	23709	中国联通	116.829782803740002000	39.576026665680998900
23901	23901	玉环合作营业厅	117.268210676700008000	39.397113800338004800
24204	24204	亨达通讯合作厅	116.910350959860011000	39.187623744957001300
24115	24115	兴坨电信营业厅	117.618273794000004000	39.328894186176000900
24118	24118	中国联通小海北镇联通合作厅	117.613523348780006000	39.379881715328004100
24125	24125	翟红雨通讯营业厅	117.449414049330016000	39.288474273478001900
24501	24501	联通合作厅	117.496977435122005000	39.824366933090310300
23008	23008	中国电信	117.265115772990001000	39.166825483256005200
22920	22920	中国电信天翼互联网手机卖场	117.262977959590003000	39.129206724026005300
23401	23401	天翼中国电信	117.075616911090009000	39.381141158165000600
23404	23404	左岸通讯	117.027143272490008000	39.481761763571000800
23405	23405	中国联通	117.022737721680002000	39.489812796507003200
23406	23406	中通电信	117.024693722470005000	39.485206081118995800
23701	23701	电视宽带手机中国电信黄庄营业厅	117.037051057959999000	39.369570016126004900
23702	23702	宏霞通讯合作厅	117.111334311820002000	39.039669310085003000
23810	23810	天翼中国电信	116.829837540189999000	39.575894454660002000
24113	24113	武清明格联通	116.882450508049999000	39.530808271977001300
24207	24207	永利通讯合作厅	116.999886664250013000	39.530088276024997600
24210	24210	中国电信	116.950731746820011000	39.253493181511999000
24216	24216	电信合作厅	117.440162395659996000	39.242775773451001000
24602	24602	贵信营业厅	117.332961394994015000	38.954476188901281800
22912	22912	中国电信北宁湾营业厅	117.215131891460004000	39.185594480098004100
23010	23010	中国电信天翼手机旗舰店	117.238170912149997000	39.156380315885002100
22915	22915	联通指定专营店	117.203343739519994000	39.156372871462004100
23012	23012	中国联通	117.226531535420008000	39.134417371094002600
23206	23206	通利源福姜路营业厅	117.111163055930007000	39.131404035639000900
23105	23105	东姜井宇明成通讯	117.120943851040010000	39.133037446009005600
23117	23117	中国联通星讯通讯	117.204108919580008000	39.537614041050005700
23403	23403	中国联通	116.911719366440010000	39.308729432589004200
23704	23704	中国联通丰兴合作厅	117.144516765410003000	39.420199336919004900
23705	23705	中国联通	117.144516765410003000	39.420199336919004900
23804	23804	中国电信圣通合作厅	117.204191467160015000	39.537662242231007800
23808	23808	杨楼营业厅	117.181371935810006000	39.062049011334004000
24111	24111	淋娜通讯合作厅	116.909514620340005000	39.189105176196001400
24213	24213	全网通金瑞通讯	117.099000067239999000	39.346195295298997500
24402	24402	中国联通	117.166173617789994000	39.197860483916997500
24901	24901	天津市宁河区北淮淀乡诚宏远通讯	117.575097443936997000	39.265777830606559500
23009	23009	中国联通迎贤道营业厅	117.215250731490016000	39.185651455151997900
23203	23203	通利源商贸营业厅	117.141921354710007000	39.050341731190002300
23211	23211	宏霞营业厅	117.040792580079994000	39.073108076626006400
23212	23212	中国联通	117.129535548970011000	39.520527890417000100
23114	23114	中国电信金牌通讯	117.198570802550009000	39.534218800459996100
23115	23115	乐淘智能手机oppo	117.198570802550009000	39.534218800459996100
23306	23306	联通自建营业厅	117.066946799050001000	39.626499552578003700
23809	23809	中国联通京滨营业厅	116.829384519230004000	39.560627549823998100
23812	23812	中国电信 VoVO	117.079227701839997000	39.366521198756004200
23902	23902	成君全网通手机	117.207669526320004000	39.372230181992002000
24001	24001	宏利合作营业厅	117.204437144440007000	39.370226086032005200
24101	24101	电信讯联通信	117.017684239689999000	39.411188525549008000
24102	24102	联通修杰厅	117.017558182420018000	39.411232653516002200
24103	24103	电信吉润店	117.018134597620005000	39.411026831070003600
24201	24201	电信亨达店	117.019062168570002000	39.410682870565999300
24104	24104	电信莱茵翠景营业厅	117.025216447330010000	39.399055418194997500
24105	24105	电信纪和通信	117.023579591439997000	39.393092694568004200
24106	24106	联通翔星店	117.025658123550016000	39.392922051880006500
24107	24107	联通恒达店	117.023754119670002000	39.389170289059997300
24116	24116	中国联通合作厅	116.949702624640011000	39.258198825282995900
24119	24119	天津市宁河县芦台镇天讯	117.836670003820004000	39.337706482883007200
24120	24120	中国电信	117.079830530900011000	39.324699851294006700
24121	24121	商业道营业厅	117.836083010099998000	39.336110654470005000
24122	24122	电信东蒲洼营业厅	117.017838885260005000	39.411141378511004500
24123	24123	电信-亨达营业厅	117.017920070070005000	39.411182794650002800
24124	24124	联通-修洁营业厅	117.017837790400009000	39.411173648059005400
24601	24601	祖宏通讯	117.043875319942998000	39.206688588023197900
23102	23102	中国电信大任庄	117.248458458409999000	39.035051738873001200
23110	23110	古佛寺营业厅	117.044156784200013000	39.067577150573001200
23213	23213	中国联通永亮通讯	117.194660097860009000	39.534016803983000400
23214	23214	全网通手机卖场	117.198570802550009000	39.534218800459996100
23116	23116	天赐手机	117.198570802550009000	39.534218800459996100
23216	23216	oppo洪全手机卖场	117.198570802550009000	39.534218800459996100
23118	23118	辉煌通讯	117.204108919580008000	39.537614041050005700
23304	23304	中国联通	116.911771865490010000	39.306614486043002900
23305	23305	全网通手机卖场	116.911279024499990000	39.304404718095000200
23501	23501	树稳	117.104565614910001000	39.551716056869004500
23502	23502	联通大良自建厅	117.104915629360008000	39.550687248643001200
23601	23601	大碱厂晓丁合作厅	117.100499219670013000	39.486355674508999400
24202	24202	电信磁力方店	117.025320046260006000	39.390683411010996900
24117	24117	锦恒通讯	116.951867571230011000	39.253312099006002700
24214	24214	诚信发	117.835980569499995000	39.335049302104998500
24215	24215	电信讯通营业厅	117.019157201270005000	39.410683153900002600
24801	24801	天津市宁河区大坨众诚方圆指定合作厅	117.647777042404996000	39.284758992129795300
22910	22910	劲旺合作厅	117.300907734440003000	39.100408467497999300
23013	23013	中国联通营业厅	117.270284410469998000	39.137670616030000300
23205	23205	中国电信王稳庄店	117.262789142650007000	38.890340891614002300
23103	23103	福姜路营业厅	117.111083091340006000	39.131378010197003900
23109	23109	宝秋合作厅	117.044156783209999000	39.067578150243001300
23208	23208	张家窝营业厅	117.041922255940008000	39.070375680310000600
23209	23209	辛口镇营业厅	116.977645413110011000	39.092994415394997500
23210	23210	联通辛口营业厅	116.978226190070004000	39.095356665787001300
23218	23218	中国联通	117.204108919580008000	39.537614041050005700
23801	23801	翼和赢黄庄营业厅	117.036953746009999000	39.371403474693003900
23703	23703	城关联通自建	116.892967724470012000	39.531422810733005200
23811	23811	凌滨路营业厅	117.178873518510016000	39.069347012379999700
23903	23903	梅厂联通自办营业厅	117.205425786890018000	39.369713031640998200
24205	24205	城关解明电信厅	116.882497378419998000	39.530807634261997000
24114	24114	武清电信城关东街厅	116.885700032879996000	39.531183806746000200
