18892292255,117.2975,39.1358,
18892282998,117.5453,38.9979,
18892282866,117.7259,39,
18892200756,117.5484,39.0349,
18822771789,117.3759,39.1794,
18822698877,117.175,38.9134,
18822692229,117.7272,38.9974,
18822651958,117.1478,39.1054,
18822633448,117.009,39.1431,
18822606060,117.78,39.2542,
18822550102,117.268,39.2008,
18822536110,117.2153,39.0297,
18822422411,117.6967,39.0461,
18822420199,117.3899,38.985,
18822401910,117.1099,39.0996,
18822373707,117.4482,38.8484,
18822365177,117.2292,39.2502,
18822342955,117.6668,39.0723,
18822330321,117.1989,39.2402,
18822315456,117.6615,40.0931,
18822301818,117.4472,38.8391,
18822301818,117.4472,38.8391,
18822301818,117.4472,38.8391,
18822301569,117.3129,39.0289,
18822297979,117.718,39.0244,
18822297979,117.718,39.0244,
18822283618,117.3056,38.9526,
18822277760,117.1978,39.1158,
18822231166,117.7007,38.9581,
18822228791,117.1926,39.0905,
18822226886,117.1278,39.0423,
18822223997,117.3992,38.9519,
18822213213,117.3806,38.6821,
18822192688,117.83,39.3383,
18822192688,117.83,39.3383,
18822186168,117.1699,39.0958,
18822167996,117.0349,39.2006,
18822139886,116.9906,38.9634,
18822139877,117.2104,39.034,
18822139877,117.2104,39.034,
18822133553,116.9611,39.1819,
18822128055,117.3234,39.0461,
18822128055,117.3234,39.0461,
18822119953,117.167,39.128,
18822070996,117.449,38.8332,
18822070996,117.449,38.8332,
18822070996,117.449,38.8332,
18822070996,117.449,38.8332,
18822066328,117.4144,40.0481,
18822062888,117.5,38.732,
18822062888,117.5,38.732,
18822062618,117.5089,38.7339,
18822062618,117.5089,38.7339,
18822059711,117.1064,39.1905,
18822023421,117.5007,39.0434,
18812699866,117.2658,39.096,
18812678813,117.0986,39.1053,
18812676677,117.2452,38.9231,
18812661123,117.6888,38.9712,
18812661123,117.6888,38.9712,
18812653611,117.4976,39.9956,
18812636633,117.3853,38.9391,
18812550900,117.2162,39.8036,
18802260637,117.2491,39.1564,
18802238603,117.1609,39.1763,
18802238138,117.1894,39.1937,
18802232821,117.3736,39.2693,
18802224688,117.5894,39.0367,
18802210616,117.4189,40.0392,
18722666624,117.4508,39.0474,
18722663255,117.1998,39.6381,
18722660300,117.0893,38.796,
18722660300,117.0893,38.796,
18722653995,117.2214,39.1126,
18722653295,117.7721,39.1031,
18722651318,117.4428,38.9906,
18722651318,117.4428,38.9906,
18722647886,117.3751,38.8712,
18722647672,117.2684,39.2168,
18722647672,117.2684,39.2168,
18722637888,117.4181,40.0489,
18722633037,117.4445,39.0478,
18722633037,117.4445,39.0478,
18722612242,117.0274,39.5683,
18722610610,116.8959,38.8333,
18722609678,117.5914,39.034,
18722609678,117.5914,39.034,
18722609678,117.5914,39.034,
18722593779,117.4812,38.8351,
18722593779,117.4812,38.8351,
18722589780,116.9325,38.9388,
18722582268,117.6222,39.0094,
18722582268,117.6222,39.0094,
18722566681,117.3246,39.1679,
18722553215,117.0839,39.203,
18722531111,116.9816,38.9471,
18722531111,116.9816,38.9471,
18722520984,117.2441,39.2591,
18722502620,117.5088,39.9049,
18722487855,117.3255,39.0277,
18722487855,117.3255,39.0277,
18722442986,117.1929,39.0291,
18722440706,117.6902,39.0422,
18722440706,117.6902,39.0422,
18722440706,117.6902,39.0422,
18722440706,117.6902,39.0422,
18722401806,117.2275,39.2867,
18722399002,117.3748,40.0052,
18722395888,117.6963,40.0775,
18722366577,117.181,39.1508,
18722357606,117.5002,38.7248,
18722357606,117.5002,38.7248,
18722351510,117.2794,39.9894,
18722311266,117.1264,39.1865,
18722311266,117.1264,39.1865,
18722297555,117.1862,39.1459,
18722286588,116.9546,39.6226,
18722282881,117.2338,39.1604,
18722282881,117.2338,39.1604,
18722282858,117.2847,39.1226,
18722282858,117.2847,39.1226,
18722277708,117.1689,39.0511,
18722262129,117.2467,39.2183,
18722259267,117.5601,39.0298,
18722255139,117.2417,39.1363,
18722255139,117.2417,39.1363,
18722255118,117.238,39.1742,
18722233144,117.6286,39.1237,
18722222752,117.479,38.7181,
18722222752,117.479,38.7181,
18722222752,117.479,38.7181,
18722222752,117.479,38.7181,
18722222265,117.0752,39.3954,
18722222265,117.0752,39.3954,
18722221311,117.0998,39.1304,
18722221311,117.0998,39.1304,
18722220060,117.2041,39.0314,
18722220060,117.2041,39.0314,
18722218005,117.2003,39.239,
18722218005,117.2003,39.239,
18722217028,117.0245,39.4091,
18722216169,117.3616,39.1717,
18722208121,117.3951,40.0447,
18722207789,117.0872,39.3133,
18722207789,117.0872,39.3133,
18722205598,117.0925,39.2307,
18722204825,117.5615,38.9834,
18722204825,117.5615,38.9834,
18722204333,117.4368,38.9282,
18722192227,117.1229,39.4136,
18722187567,117.0827,39.1722,
18722183828,117.1814,39.5285,
18722169347,117.2117,39.0109,
18722169347,117.2117,39.0109,
18722169347,117.2117,39.0109,
18722163190,117.4097,39.9138,
18722153871,117.2966,39.1574,
18722128468,117.3913,39.4542,
18722128222,117.2357,38.9928,
18722127666,117.4003,38.9778,
18722122171,117.3397,38.9892,
18722113789,117.2212,38.9871,
18722112585,117.154,39.1181,
18722112585,117.154,39.1181,
18722112340,117.0681,38.8451,
18722108882,117.4972,38.8034,
18722107766,117.4978,38.7391,
18722104517,117.1932,39.2394,
18722086779,116.9439,38.9384,
18722050398,117.2519,39.1857,
18722050398,117.2519,39.1857,
18722050398,117.2519,39.1857,
18722043544,117.3106,39.2898,
18722035402,117.5104,38.7057,
18722030405,117.3076,39.0957,
18722025216,117.3304,38.9438,
18722025216,117.3304,38.9438,
18722004698,117.3065,39.5153,
18722003976,117.1126,39.055,
18702287356,117.0254,39.3797,
18702281234,117.2908,39.1336,
18702249833,117.2899,39.1956,
18702235271,117.455885,39.051775,
18702233567,117.4159,38.9615,
18702228787,117.3622,38.9814,
18702226885,117.2373,39.1798,
18702217177,117.1943,39.3609,
18702216234,117.0106,39.3825,
18702216234,117.0106,39.3825,
18702207345,117.4866,39.1871,
18702203327,117.235,39.0919,
18702203327,117.235,39.0919,
18322797776,117.1822,39.1666,
18322787872,116.9577,39.1628,
18322739415,117.2645,39.2254,
18322739415,117.2645,39.2254,
18322725123,117.1714,39.0784,
18322722567,117.322,40.0005,
18322628266,116.9661,38.9631,
18322628266,116.9661,38.9631,
18322616336,117.2256,38.992,
18322557889,117.3349,39.0691,
18322557889,117.3349,39.0691,
18322531111,116.9718,38.941,
18322531111,116.9718,38.941,
18322531111,116.9718,38.941,
18322518887,117.2742,39.2185,
18322518887,117.2742,39.2185,
18322518887,117.2742,39.2185,
18322518887,117.2742,39.2185,
18322513011,116.9182,38.9323,
18322492299,117.7376,39.3801,
18322475649,117.4404,38.849,
18322472337,117.2285,38.9881,
18322461888,117.3814,38.9786,
18322446999,117.755,39.0179,
18322446688,117.3044,39.1014,
18322405800,116.8153,39.5492,
18322405008,117.1921,39.239,
18322386121,117.3455,39.2519,
18322382258,117.0515,39.4392,
18322373901,117.1244,39.1978,
18322373089,117.2002,39.0828,
18322365568,117.4105,38.9577,
18322365568,117.4105,38.9577,
18322361823,117.1253,39.2212,
18322361702,117.1218,39.0876,
18322358130,117.2,39.1019,
18322358130,117.2,39.1019,
18322355850,117.1355,39.1498,
18322350669,117.4181,38.8653,
18322322266,117.2702,39.1351,
18322322266,117.2702,39.1351,
18322316485,117.0576,38.8348,
18322311889,117.0125,39.0072,
18322310018,117.1902,39.0379,
18322310018,117.1902,39.0379,
18322308099,117.4525,38.9406,
18322308099,117.4525,38.9406,
18322301118,117.6244,39.0087,
18322301118,117.6244,39.0087,
18322300366,117.7232,39.0081,
18322299876,117.3695,38.9414,
18322299569,117.3599,38.9331,
18322299569,117.3599,38.9331,
18322271777,117.1911,39.3652,
18322255597,117.2755,39.7335,
18322254222,117.0388,39.2298,
18322249174,116.9531,38.939,
18322240368,116.8649,39.5236,
18322226088,117.197,39.1916,
18322225202,117.217,39.2477,
18322221951,117.1921,39.1516,
18322213269,117.4315,39.0541,
18322197226,117.0872,38.9697,
18322196966,117.3273,38.9451,
18322196296,117.1772,39.1886,
18322196296,117.1772,39.1886,
18322196192,117.1637,39.1446,
18322195398,117.3894,38.9144,
18322191705,117.2421,39.084,
18322191705,117.2421,39.084,
18322186777,117.3501,39.0805,
18322186777,117.3501,39.0805,
18322180505,117.1427,39.1379,
18322163504,117.3063,39.044,
18322163504,117.3063,39.044,
18322157766,117.3823,39.9027,
18322157122,117.1989,39.1572,
18322152211,117.3201,39.0756,
18322152211,117.3201,39.0756,
18322150166,117.6176,40.0945,
18322130138,117.3074,39.0128,
18322128678,117.1914,39.5295,
18322122170,117.2621,39.7099,
18322122170,117.2621,39.7099,
18322122122,117.2063,39.1796,
18322116899,117.064,39.3882,
18322115535,117.6189,39.3824,
18322115324,117.1982,39.5268,
18322114477,117.0674,39.3774,
18322114222,117.2482,39.5909,
18322111654,117.5519,39.034,
18322111654,117.5519,39.034,
18322089462,117.0737,39.3835,
18322042413,117.4239,39.2794,
18322036543,116.9616,39.477,
18322030171,117.4791,38.9469,
18322030171,117.4791,38.9469,
18322021222,117.3193,39.0223,
18322021222,117.3193,39.0223,
18302288013,117.0689,39.3279,
18302286265,117.0853,39.0787,
18302281338,117.2046,39.0316,
18302277289,117.4913,38.9469,
18302277289,117.4913,38.9469,
18302277289,117.4913,38.9469,
18302268981,117.222,38.9823,
18302250777,117.5377,40.0789,
18302219620,117.0439,39.3701,
18302214321,117.4801,38.8457,
18302205567,117.0079,38.9337,
18222999929,116.9278,38.9037,
18222999620,117.3963,39.0641,
18222999620,117.3963,39.0641,
18222999620,117.3963,39.0641,
18222898883,117.2372,39.1806,
18222893568,117.2369,39.1605,
18222888922,117.6498,38.9964,
18222888922,117.6498,38.9964,
18222882287,117.4523,39.0285,
18222866862,117.1112,39.1503,
18222866862,117.1112,39.1503,
18222855408,117.3103,39.7126,
18222835911,117.1967,39.1282,
18222835911,117.1967,39.1282,
18222826886,117.3804,38.8636,
18222816668,117.6239,39.0077,
18222816352,117.0994,39.1415,
18222816351,117.24,39.1139,
18222814650,117.2352,39.1463,
18222805975,117.2649,39.0426,
18222805975,117.2649,39.0426,
18222792641,117.4045,38.99,
18222789918,117.4243,38.9125,
18222789918,117.4243,38.9125,
18222788805,117.6897,39.1034,
18222785708,117.4009,40.041,
18222785708,117.4009,40.041,
18222784801,117.3384,38.9392,
18222766305,117.4363,39.0042,
18222766305,117.4363,39.0042,
18222766305,117.4363,39.0042,
18222763390,116.9726,39.0905,
18222745666,117.6037,39.0279,
18222741797,117.4955,39.098,
18222733260,117.1898,39.1262,
18222722800,117.1176,39.1298,
18222716608,117.2136,39.3811,
18222716560,116.9442,39.2538,
18222716560,116.9442,39.2538,
18222692230,117.4381,38.9325,
18222674204,116.9177,38.934,
18222669655,117.0959,39.3039,
18222669655,117.0959,39.3039,
18222667066,117.1715,39.0783,
18222666693,117.3781,38.976,
18222666691,117.3781,38.9762,
18222666181,117.2473,39.2294,
18222666021,117.0233,39.4045,
18222644313,117.5681,39.0312,
18222639507,117.1157,39.2065,
18222638866,117.2565,39.1034,
18222632999,117.4419,38.8502,
18222632526,117.1618,39.1758,
18222630083,117.2348,39.1783,
18222586188,117.4222,38.9144,
18222584032,117.2903,39.1117,
18222584032,117.2903,39.1117,
18222582198,117.0644,38.8337,
18222582198,117.0644,38.8337,
18222553232,117.2298,39.2313,
18222552685,117.3819,38.8703,
18222552685,117.3819,38.8703,
18222548333,117.277,39.2047,
18222530569,117.4007,40.0432,
18222518166,117.5583,38.9849,
18222472788,117.076,39.1887,
18222464419,117.4297,39.7953,
18222424911,117.5094,39.0526,
18222424911,117.5094,39.0526,
18222424911,117.5094,39.0526,
18222424911,117.5094,39.0526,
18222422155,117.0903,39.3064,
18222422155,117.0903,39.3064,
18222408855,117.2538,39.0907,
18222402262,117.4915,39.2749,
18222380685,117.0307,39.1592,
18222375123,117.1753,39.1443,
18222371731,117.8456,39.3354,
18222326833,117.0259,39.2005,
18222320657,117.2554,39.1575,
18222319999,117.1186,39.232,
18222295557,117.3924,38.9897,
18222292062,117.3095,39.0454,
18222292062,117.3095,39.0454,
18222288656,117.2532,39.1898,
18222288656,117.2532,39.1898,
18222288656,117.2532,39.1898,
18222288656,117.2532,39.1898,
18222279456,117.1917,39.1928,
18222278880,117.0583,38.8341,
18222256785,116.9499,39.6219,
18222246297,117.1838,39.158,
18222244987,117.2612,39.202,
18222244987,117.2612,39.202,
18222236392,117.2527,39.0017,
18222236392,117.2527,39.0017,
18222236088,117.4879,38.987,
18222236066,117.429,38.9858,
18222228112,117.06,38.834,
18222222528,117.2483,39.9907,
18222222305,117.4262,40.0556,
18222220508,117.1369,39.0876,
18222209210,117.4267,38.9111,
18222209210,117.4267,38.9111,
18222209210,117.4267,38.9111,
18222208556,116.8159,39.5515,
18222208556,116.8159,39.5515,
18222208556,116.8159,39.5515,
18222208218,117.4593,39.2034,
18222207521,117.4159,39.5594,
18222200586,116.9901,39.3724,
18222199488,117.408,40.0154,
18222166123,117.4457,39.0671,
18222166123,117.4457,39.0671,
18222166123,117.4457,39.0671,
18222161613,117.301,39.7159,
18222157677,117.8216,39.3236,
18222152623,117.0518,39.2145,
18222148115,117.6706,39.0414,
18222148115,117.6706,39.0414,
18222131188,117.2673,39.0327,
18222127676,117.371,39.9048,
18222125855,117.3941,38.9966,
18222125855,117.3941,38.9966,
18222122201,117.0773,39.1851,
18222120669,117.0351,39.1415,
18222120669,117.0351,39.1415,
18222112893,117.2896,39.1332,
18222107165,117.1984,39.1468,
18222072626,117.4775,38.9489,
18222072626,117.4775,38.9489,
18222056628,117.6614,39.0521,
18222031031,117.3455,39.2519,
18222023988,117.2349,39.2175,
18222019440,117.0637,39.3696,
18222009288,117.6626,39.1532,
18222009288,117.6626,39.1532,
18222006458,117.1266,39.1403,
18222005911,117.2267,38.9913,
18222005911,117.2267,38.9913,
18222005911,117.2267,38.9913,
18222005911,117.2267,38.9913,
18222005911,117.2267,38.9913,
18222005911,117.2267,38.9913,
18202666837,117.2189,39.0286,
18202666807,117.0894,39.0909,
18202666807,117.0894,39.0909,
18202660966,117.2247,38.9884,
18202660966,117.2247,38.9884,
18202657737,117.7051,39.0094,
18202657737,117.7051,39.0094,
18202637947,117.8358,39.3367,
18202637947,117.8358,39.3367,
18202637947,117.8358,39.3367,
18202637947,117.8358,39.3367,
18202622200,117.3998,39.0612,
18202622200,117.3998,39.0612,
18202597673,117.3966,39.9825,
18202593222,117.2494,39.1589,
18202586011,117.6898,39.0449,
18202553999,117.4295,38.9267,
18202546866,117.3275,38.946,
18202530533,117.3364,39.087,
18202529958,117.2315,39.1463,
18202514555,117.2472,39.0047,
18202512017,117.2535,39.185,
18202512017,117.2535,39.185,
18202509133,117.4302,39.8764,
18202509133,117.4302,39.8764,
18202299668,117.4294,38.9806,
18202295916,117.5832,39.6872,
18202252218,117.4886,38.9852,
18202236369,117.2172,39.0103,
18202236369,117.2172,39.0103,
18202236369,117.2172,39.0103,
18202236369,117.2172,39.0103,
18202230111,117.7268,38.9967,
18202206200,117.3128,39.1406,
18202205744,117.4446,38.8638,
18002036376,117.2421,39.0929,
17822185681,117.688,39.0451,
17822185681,117.688,39.0451,
17822185680,117.7212,39.0789,
17822183310,117.2259,39.2074,
17822173979,117.3127,39.0399,
17822123450,117.3993,39.5504,
17822093766,117.4468,40.0535,
17822093766,117.4468,40.0535,
17822050919,117.2681,39.0296,
17822050919,117.2681,39.0296,
17822028379,117.1448,38.8982,
17822028379,117.1448,38.8982,
17822025303,117.4013,38.9498,
17822025303,117.4013,38.9498,
17802213476,117.1448,38.9026,
17802213476,117.1448,38.9026,
15922287872,117.1211,39.0345,
15922277007,117.3742,38.9837,
15922267255,117.1766,39.0663,
15922267255,117.1766,39.0663,
15922266876,116.9897,38.954,
15922251333,117.2209,38.7932,
15922251333,117.2209,38.7932,
15922249555,117.4969,39.8492,
15922229990,117.4081,40.0065,
15922226827,117.4798,38.9465,
15922224449,117.5073,39.049,
15922224449,117.5073,39.049,
15922218898,117.5181,38.7298,
15922218881,117.3858,39.4409,
15922218123,117.4412,38.9248,
15922212365,117.4987,38.8041,
15922211661,117.1001,39.0908,
15922211121,117.3882,38.9858,
15922211121,117.3882,38.9858,
15922208802,117.4559,38.9382,
15922207668,117.1778,38.9567,
15922192110,117.1628,39.1442,
15922188891,117.0372,39.0623,
15922187890,117.4246,38.9103,
15922185218,117.0596,39.2334,
15922182208,117.3671,38.9974,
15922182208,117.3671,38.9974,
15922181215,117.0619,39.146,
15922170888,117.3824,38.9814,
15922162636,117.0414,39.3674,
15922139139,117.8499,39.3358,
15922136302,117.1642,39.5056,
15922127123,117.3424,39.0313,
15922126286,117.3624,38.979,
15922126286,117.3624,38.979,
15922123334,117.5484,39.0896,
15922119771,117.1384,39.2105,
15922115858,117.6056,39.0279,
15922115858,117.6056,39.0279,
15922099783,117.8435,39.3429,
15922099783,117.8435,39.3429,
15922088128,117.7193,39.0721,
15922065770,117.3598,39.9699,
15922048707,117.6876,39.0454,
15922026990,117.4023,40.0427,
15922021567,117.7096,38.9986,
15922018218,117.2106,39.1979,
15902299588,117.6875,39.0452,
15902299588,117.6875,39.0452,
15902299588,117.6875,39.0452,
15902299588,117.6875,39.0452,
15902299588,117.6875,39.0452,
15902299588,117.6875,39.0452,
15902279996,117.8273,39.3603,
15902279996,117.8273,39.3603,
15902276947,117.9679,39.3295,
15902272130,117.0858,39.0955,
15902263441,117.7325,39.5335,
15902258063,116.9253,39.2562,
15902258063,116.9253,39.2562,
15902256756,117.2007,39.1586,
15902255855,117.0904,39.3995,
15902244841,117.4939,39.6325,
15902244841,117.4939,39.6325,
15902244841,117.4939,39.6325,
15902239000,117.0787,39.193,
15902237188,117.4005,38.95,
15902237188,117.4005,38.95,
15902224252,117.2139,39.1728,
15902224252,117.2139,39.1728,
15902216585,117.1971,39.1916,
15902204736,117.6189,39.3824,
15902204736,117.6189,39.3824,
15902200584,117.2449,39.1697,
15902200558,117.4587,39.0569,
15900377999,117.3825,38.9854,
15900377999,117.3825,38.9854,
15900367131,117.3954,39.0583,
15900359929,117.763,39.2793,
15900355308,117.4265,40.0431,
15900349382,117.1448,38.9025,
15900345161,116.9507,39.2511,
15900340903,117.4423,38.9186,
15900338787,117.5061,38.8557,
15900335557,117.027,39.2326,
15900335557,117.027,39.2326,
15900335500,117.2676,39.0565,
15900333978,117.1608,38.9041,
15900333978,117.1608,38.9041,
15900331111,117.2274,39.0292,
15900330555,117.0107,39.3736,
15900322214,117.3925,39.3256,
15900322214,117.3925,39.3256,
15900280190,117.0168,39.4824,
15900252912,117.0127,38.9039,
15900252912,117.0127,38.9039,
15900252912,117.0127,38.9039,
15900234183,116.982,39.0647,
15900233376,117.3014,39.0723,
15900232166,117.2524,39.185,
15900232166,117.2524,39.185,
15900222122,117.3677,39.1748,
15900221528,117.1094,39.0995,
15900220533,117.0962,39.1211,
15900209644,117.1399,39.1047,
15900209644,117.1399,39.1047,
15822999944,117.4756,38.8379,
15822999944,117.4756,38.8379,
15822999808,117.4854,39.2752,
15822989896,117.8425,39.3382,
15822974793,117.0317,39.0593,
15822965811,117.2736,39.1472,
15822965811,117.2736,39.1472,
15822956896,117.2261,38.9887,
15822956678,117.2354,39.1751,
15822940102,117.4497,38.9325,
15822932479,117.8764,39.3641,
15822930976,116.9236,39.6799,
15822922728,117.3143,39.0924,
15822922728,117.3143,39.0924,
15822919366,117.6987,38.9826,
15822906030,117.6199,39.0082,
15822905179,117.2134,39.3924,
15822895918,117.7106,39.0352,
15822892777,117.7862,39.1042,
15822892777,117.7862,39.1042,
15822885531,117.1649,39.1164,
15822879677,117.6667,39.0229,
15822877711,117.0119,39.3304,
15822873988,117.4219,38.8646,
15822871991,117.0513,39.1403,
15822825345,117.4323,38.9198,
15822825345,117.4323,38.9198,
15822819268,117.1067,39.1008,
15822809977,117.3485,39.2543,
15822809977,117.3485,39.2543,
15822799910,117.1183,39.1888,
15822787338,117.4514,39.0449,
15822787338,117.4514,39.0449,
15822777753,117.2688,39.2005,
15822762267,117.4465,38.839,
15822756977,117.2434,39.2099,
15822747575,117.1958,39.2459,
15822747575,117.1958,39.2459,
15822736986,117.1517,39.1651,
15822736986,117.1517,39.1651,
15822736986,117.1517,39.1651,
15822736986,117.1517,39.1651,
15822736986,117.1517,39.1651,
15822712227,117.4823,38.8343,
15822711112,117.4798,38.7077,
15822711112,117.4798,38.7077,
15822700818,117.6209,39.0302,
15822700818,117.6209,39.0302,
15822698876,117.6512,39.0582,
15822698113,116.9854,39.2869,
15822695456,117.3775,38.9964,
15822689699,117.6147,39.3714,
15822679888,117.6094,39.0211,
15822674754,117.6789,39.0619,
15822666561,117.2439,39.1819,
15822662110,117.4021,39.989,
15822658111,117.2266,39.1481,
15822651567,116.9557,39.6225,
15822642266,117.2673,39.0367,
15822636000,117.4094,40.0468,
15822613678,116.8396,39.4443,
15822610086,117.3915,40.0452,
15822607270,117.1018,39.1481,
15822607270,117.1018,39.1481,
15822596955,117.1949,39.1162,
15822584226,117.2274,38.9842,
15822583539,117.6036,39.0277,
15822583539,117.6036,39.0277,
15822578345,117.4965,39.9961,
15822553396,116.9152,38.9328,
15822553396,116.9152,38.9328,
15822553396,116.9152,38.9328,
15822553396,116.9152,38.9328,
15822551110,117.8146,39.3153,
15822544466,116.9205,38.9298,
15822544455,116.9173,38.9339,
15822537800,117.7843,39.2574,
15822537772,117.6637,39.035,
15822537772,117.6637,39.035,
15822535318,117.2594,39.2008,
15822529101,117.2424,38.8275,
15822528388,117.4809,38.8329,
15822520088,117.2561,39.0049,
15822518446,117.2267,39.1498,
15822502030,117.3762,38.8758,
15822488387,117.2473,39.2092,
15822488387,117.2473,39.2092,
15822488387,117.2473,39.2092,
15822473102,117.2673,39.0327,
15822461817,117.5233,39.0787,
15822446412,117.264371,39.107412,
15822444838,117.4751,38.8439,
15822444498,117.0979,39.1361,
15822443210,117.4066,40.0345,
15822429208,117.399,40.0436,
15822419606,117.4424,39.0691,
15822387123,117.4609,39.0118,
15822387123,117.4609,39.0118,
15822387123,117.4609,39.0118,
15822377758,117.7095,39.0001,
15822377758,117.7095,39.0001,
15822374033,117.2454,39.0202,
15822372999,117.6209,39.0302,
15822362298,117.5017,38.8623,
15822356969,117.268,39.2123,
15822356969,117.268,39.2123,
15822355815,116.9564,39.2076,
15822351998,117.4191,39.7323,
15822312326,117.243,39.162,
15822312326,117.243,39.162,
15822301939,117.1584,39.052,
15822301939,117.1584,39.052,
15822293698,117.0822,39.1274,
15822288813,117.2103,39.1416,
15822288813,117.2103,39.1416,
15822281116,117.2229,39.1174,
15822279976,116.8502,39.3616,
15822272236,116.839,38.8225,
15822270888,117.4371,38.6803,
15822257366,117.7314,39.3257,
15822256827,116.9591,39.477,
15822255598,117.3911,39.0645,
15822255598,117.3911,39.0645,
15822242719,117.5094,39.0526,
15822242719,117.5094,39.0526,
15822242719,117.5094,39.0526,
15822242719,117.5094,39.0526,
15822242719,117.5094,39.0526,
15822242719,117.5094,39.0526,
15822233123,117.8027,39.2612,
15822227444,117.4976,38.8633,
15822223725,117.1203,39.1315,
15822223725,117.1203,39.1315,
15822221355,117.681,39.0313,
15822221355,117.681,39.0313,
15822221355,117.681,39.0313,
15822221355,117.681,39.0313,
15822221217,117.4288,38.9892,
15822210515,117.2934,39.1378,
15822210515,117.2934,39.1378,
15822197678,117.2249,38.9879,
15822190288,117.7264,38.9996,
15822187699,117.1553,39.5791,
15822175666,117.2751,39.034765,
15822171696,117.262,39.8621,
15822141228,117.1243,39.227,
15822128866,117.1452,39.1654,
15822123000,117.2236,39.5597,
15822111953,117.1217,39.2292,
15822111953,117.1217,39.2292,
15822110606,117.3002,39.7144,
15822110456,117.3292,39.0622,
15822095043,117.1667,39.1409,
15822077567,117.3948,38.9832,
15822071821,117.4249,39.1273,
15822068088,117.3182,39.7207,
15822059000,117.0623,39.0906,
15822058746,117.2717,39.1291,
15822051789,117.0867,39.4797,
15822044656,117.4218,38.9161,
15822044656,117.4218,38.9161,
15822037399,117.176,39.0663,
15822035789,117.4375,39.0527,
15822011155,117.4105,38.8625,
15802297321,117.550846,39.090258,
15802279008,117.479,39.082,
15802266540,117.3984,39.0631,
15802260678,117.8294,39.3239,
15802260678,117.8294,39.3239,
15802258618,117.2729,39.3272,
15802242567,117.6549,39.0009,
15802238238,117.4027,40.0512,
15802229939,117.3097,39.0452,
15802228626,117.5311,39.5024,
15802228567,117.648107,39.064043,
15802228265,117.4452,39.047,
15802211856,117.4774,38.9416,
15802211856,117.4774,38.9416,
15802206071,117.2269,39.1169,
15802202632,117.4296,38.9896,
15722222268,117.5051,38.8597,
15712280323,117.4601,39.0534,
15712219199,116.9674,38.9423,
15712219199,116.9674,38.9423,
15712219199,116.9674,38.9423,
15712219199,116.9674,38.9423,
15222895123,117.1813,39.1057,
15222889733,117.1235,39.2331,
15222889733,117.1235,39.2331,
15222882825,117.4593,39.1963,
15222880604,117.6147,39.0375,
15222878686,117.2414,39.1291,
15222874387,117.0544,39.1719,
15222866620,117.289,39.2093,
15222857818,117.1096,39.1268,
15222857818,117.1096,39.1268,
15222844301,117.6558,39.048,
15222829000,117.4698,39.0729,
15222827666,117.129,39.0976,
15222797602,117.1405,39.1014,
15222792186,117.0907,39.0336,
15222792186,117.0907,39.0336,
15222791567,117.3278,38.9437,
15222791567,117.3278,38.9437,
15222789975,117.3145,39.0808,
15222777811,117.0926,39.3199,
15222777705,117.2496,39.1407,
15222777705,117.2496,39.1407,
15222777705,117.2496,39.1407,
15222777705,117.2496,39.1407,
15222777355,117.3823,38.9876,
15222777355,117.3823,38.9876,
15222774318,116.9516,39.1574,
15222774318,116.9516,39.1574,
15222773454,117.4181,39.9959,
15222768025,117.477,38.9433,
15222757872,117.2093,38.9864,
15222757872,117.2093,38.9864,
15222745050,117.4813,39.0444,
15222745050,117.4813,39.0444,
15222727696,116.8739,39.62,
15222725111,117.059,39.1215,
15222708819,117.3371,39.0909,
15222698868,117.1745,39.0554,
15222669922,117.8249,39.3298,
15222669922,117.8249,39.3298,
15222669633,117.3816,38.9899,
15222669633,117.3816,38.9899,
15222669225,116.9272,38.9883,
15222666687,117.4964,39.022,
15222666687,117.4964,39.022,
15222666518,117.2215,39.149,
15222661222,116.9683,39.6074,
15222616206,117.234,39.1464,
15222614448,117.4793,38.8359,
15222614448,117.4793,38.8359,
15222603889,117.7207,39.0742,
15222588860,117.2671,39.1074,
15222588401,117.1768,39.1268,
15222588095,117.4965,39.9953,
15222577750,116.8971,39.3614,
15222574000,117.2314,39.1575,
15222571521,117.2531,38.9947,
15222571521,117.2531,38.9947,
15222571521,117.2531,38.9947,
15222571521,117.2531,38.9947,
15222569662,117.6975,39.0212,
15222555552,117.4749,38.8576,
15222548611,117.4263,38.9203,
15222548611,117.4263,38.9203,
15222531888,117.6593,39.044,
15222525553,117.2244,39.1524,
15222519050,117.0674,39.3688,
15222507070,117.1125,39.1046,
15222505299,117.8257,39.3254,
15222503908,117.2622,39.0657,
15222498870,117.4988,38.9953,
15222498870,117.4988,38.9953,
15222474334,117.4407,39.0626,
15222431288,116.9631,39.2455,
15222427646,117.1674,39.133,
15222379886,117.7405,39.0364,
15222373300,117.0927,39.2293,
15222373300,117.0927,39.2293,
15222373300,117.0927,39.2293,
15222363638,117.3189,39.0321,
15222356961,117.6341,38.9835,
15222340234,117.3233,39.0777,
15222340234,117.3233,39.0777,
15222339297,117.254,39.1684,
15222330010,117.1472,39.0922,
15222309876,117.2611,39.208,
15222307635,117.3756,39.0808,
15222307635,117.3756,39.0808,
15222301777,117.0864,39.3389,
15222299033,117.2704,39.3371,
15222298900,117.5428,39.3294,
15222298611,117.4483,38.8379,
15222298611,117.4483,38.8379,
15222269698,117.4871,38.7341,
15222269698,117.4871,38.7341,
15222269316,116.8982,39.1808,
15222269316,116.8982,39.1808,
15222267151,117.3313,39.0879,
15222259889,117.5089,38.7339,
15222259889,117.5089,38.7339,
15222258989,117.4991,38.739,
15222257776,117.7311,39.0821,
15222255268,117.2148,39.0106,
15222255268,117.2148,39.0106,
15222249009,117.0752,39.382,
15222244321,117.2048,39.37,
15222233772,117.6529,39.0349,
15222233127,117.3438,39.2578,
15222233127,117.3438,39.2578,
15222233127,117.3438,39.2578,
15222233127,117.3438,39.2578,
15222233127,117.3438,39.2578,
15222233127,117.3438,39.2578,
15222229711,117.2152,39.1266,
15222228528,117.2043,39.1709,
15222228008,117.299228,39.690367,
15222228008,117.299228,39.690367,
15222226864,117.0783,39.1948,
15222226864,117.0783,39.1948,
15222226864,117.0783,39.1948,
15222226864,117.0783,39.1948,
15222226864,117.0783,39.1948,
15222226864,117.0783,39.1948,
15222224986,117.497,38.9548,
15222223699,117.3014,39.0723,
15222223369,117.3392,38.9547,
15222223369,117.3392,38.9547,
15222222721,117.6534,39.0577,
15222222721,117.6534,39.0577,
15222222721,117.6534,39.0577,
15222221789,117.2323,39.1555,
15222220686,117.4464,38.8383,
15222220686,117.4464,38.8383,
15222220559,117.1426,39.0396,
15222220559,117.1426,39.0396,
15222205900,117.163,39.1443,
15222205900,117.163,39.1443,
15222205900,117.163,39.1443,
15222205900,117.163,39.1443,
15222205210,117.8425,39.3481,
15222205210,117.8425,39.3481,
15222193188,117.4013,39.175,
15222191925,116.8257,39.5632,
15222191925,116.8257,39.5632,
15222175666,117.2136,39.1953,
15222159698,116.8842,39.1854,
15222159698,116.8842,39.1854,
15222138838,117.1628,39.9094,
15222133121,116.9502,39.2513,
15222133121,116.9502,39.2513,
15222129621,117.1249,39.1649,
15222129621,117.1249,39.1649,
15222128280,117.6039,39.3688,
15222128280,117.6039,39.3688,
15222117311,117.4314,38.9248,
15222110086,117.224,39.1485,
15222088824,117.6727,40.0737,
15222073338,117.2537,39.0003,
15222071338,117.0757,39.1859,
15222071338,117.0757,39.1859,
15222070574,117.4451,38.8506,
15222070574,117.4451,38.8506,
15222066136,117.1829,39.118,
15222055864,117.4596,38.8531,
15222055864,117.4596,38.8531,
15222049497,116.8298,38.8532,
15222035786,116.9992,39.1275,
15222035518,117.4489,38.8362,
15222035518,117.4489,38.8362,
15222035518,117.4489,38.8362,
15222028505,117.2478,39.1828,
15222028505,117.2478,39.1828,
15222028505,117.2478,39.1828,
15222008610,117.1056,39.5509,
15222000873,117.0069,39.4299,
15202248880,117.2246,38.9907,
15202242321,117.6522,38.9931,
15202224433,117.3077,39.0411,
15202218678,117.0184,39.2526,
15202202904,117.0534,39.0587,
15202202904,117.0534,39.0587,
15202202904,117.0534,39.0587,
15122996669,117.2095,39.177,
15122986568,117.0143,39.1445,
15122980333,117.1087,39.1319,
15122967588,117.723,38.9924,
15122951061,117.4776,38.9416,
15122951061,117.4776,38.9416,
15122950057,117.5088,38.7338,
15122944690,117.1964,39.1489,
15122936691,117.3166,39.73,
15122935555,117.7108,38.9971,
15122933367,117.2566,39.1099,
15122930606,117.2622,39.0657,
15122920066,117.2662,39.4564,
15122909111,117.0019,39.1376,
15122904444,117.2384,38.9971,
15122899929,117.4888,38.9876,
15122899929,117.4888,38.9876,
15122899168,117.3754,38.9755,
15122898678,117.1789,39.1203,
15122894777,117.266,39.0358,
15122883882,117.4515,39.0627,
15122871939,117.1801,39.1386,
15122871234,117.2448,39.0388,
15122866777,117.625,39.0325,
15122866777,117.625,39.0325,
15122866356,117.0356,39.3859,
15122857352,117.2461,39.0204,
15122843939,117.4779,38.9472,
15122843939,117.4779,38.9472,
15122840879,117.1288,39.2246,
15122840879,117.1288,39.2246,
15122839321,117.2482,39.1373,
15122829288,117.5607,38.9817,
15122829288,117.5607,38.9817,
15122811611,117.4252,38.9135,
15122804555,117.2196,39.0114,
15122781699,117.3856,38.9882,
15122781699,117.3856,38.9882,
15122776289,117.2262,39.222,
15122770012,117.4579,38.9307,
15122770012,117.4579,38.9307,
15122769977,116.943,39.4854,
15122766094,117.1534,39.1181,
15122731288,117.4398,39.0052,
15122731288,117.4398,39.0052,
15122726339,117.056,39.234,
15122723893,117.0496,39.2529,
15122722057,117.2678,39.2205,
15122722057,117.2678,39.2205,
15122699928,117.2085,38.9874,
15122695045,117.1886,39.1607,
15122691777,117.5605,38.9994,
15122691777,117.5605,38.9994,
15122681353,117.0665,39.3775,
15122668989,117.3106,39.1465,
15122662728,117.6546,39.0567,
15122662728,117.6546,39.0567,
15122662728,117.6546,39.0567,
15122662728,117.6546,39.0567,
15122637878,117.6556,39.0293,
15122636317,117.4235,38.9101,
15122636317,117.4235,38.9101,
15122632328,117.3714,38.9988,
15122629977,117.4268,38.8682,
15122618809,117.4809,38.9338,
15122610121,117.0263,39.5697,
15122587111,117.3422,38.6243,
15122586183,117.1438,39.4227,
15122586183,117.1438,39.4227,
15122568149,117.3756,39.0808,
15122562655,116.9983,39.029,
15122562655,116.9983,39.029,
15122562258,117.2642,39.2238,
15122558881,117.2667,39.6907,
15122554755,117.2715,39.1524,
15122554755,117.2715,39.1524,
15122553111,117.6615,39.0217,
15122542266,117.0967,39.132,
15122542266,117.0967,39.132,
15122539123,117.3103,39.7097,
15122539123,117.3103,39.7097,
15122534000,117.5728,39.0139,
15122508688,117.292799,39.052957,
15122507524,117.1967,39.1486,
15122487054,117.116,39.1275,
15122461618,117.3994,40.045,
15122458531,117.4423,38.9186,
15122450359,117.1818,39.0542,
15122450359,117.1818,39.0542,
15122449322,117.2679,39.0364,
15122449322,117.2679,39.0364,
15122449322,117.2679,39.0364,
15122449322,117.2679,39.0364,
15122431234,117.5106,38.7498,
15122427000,116.8936,39.2927,
15122405657,117.05,39.3753,
15122400788,117.1933,39.2394,
15122391188,117.1973,39.1917,
15122381110,117.4278,38.9055,
15122381110,117.4278,38.9055,
15122381110,117.4278,38.9055,
15122381110,117.4278,38.9055,
15122375789,117.7095,40.004,
15122371113,117.1096,39.1236,
15122360989,117.5366,39.1788,
15122360989,117.5366,39.1788,
15122350369,117.1269,39.207,
15122349689,117.4313,39.0543,
15122349689,117.4313,39.0543,
15122346186,117.3559,39.2559,
15122340969,117.4009,38.9506,
15122340969,117.4009,38.9506,
15122337778,117.2765,39.2263,
15122337778,117.2765,39.2263,
15122336760,117.3938,38.9852,
15122335587,117.1476,39.1988,
15122335587,117.1476,39.1988,
15122334578,117.6653,39.0012,
15122301789,117.4557,39.1933,
15122301789,117.4557,39.1933,
15122300268,117.1495,39.1265,
15122299789,117.4204,38.869,
15122298555,117.176,39.175,
15122296831,117.1242,39.1598,
15122288787,117.339,39.2466,
15122288300,117.3487,39.2547,
15122288300,117.3487,39.2547,
15122266955,117.3819,38.9625,
15122266955,117.3819,38.9625,
15122266772,117.3412,39.0871,
15122266772,117.3412,39.0871,
15122266772,117.3412,39.0871,
15122266772,117.3412,39.0871,
15122255666,117.4435,39.051,
15122255585,117.5726,39.2577,
15122255409,117.202,39.1038,
15122251677,117.2636,39.1976,
15122238355,117.2245,38.9881,
15122228778,116.9089,39.1847,
15122226281,116.9195,38.9494,
15122223100,117.1316,39.2043,
15122222653,117.3749,38.8736,
15122222653,117.3749,38.8736,
15122221263,117.29,39.2216,
15122221263,117.29,39.2216,
15122203567,117.146,39.0882,
15122203567,117.146,39.0882,
15122189701,117.1831,39.0403,
15122188819,117.4891,39.0856,
15122183053,117.137,39.0904,
15122183053,117.137,39.0904,
15122183053,117.137,39.0904,
15122182618,117.0771,39.1921,
15122182618,117.0771,39.1921,
15122171819,117.5733,39.0386,
15122168733,117.4783,38.9436,
15122165959,117.4579,38.8366,
15122160508,117.2269,39.1169,
15122125558,117.6872,38.974,
15122125558,117.6872,38.974,
15122110368,117.0184,39.2526,
15122109091,117.0288,39.2017,
15122100935,117.6051,39.0202,
15122100935,117.6051,39.0202,
15122067773,117.2352,39.1463,
15122067773,117.2352,39.1463,
15122067773,117.2352,39.1463,
15122052222,117.1066,39.0528,
15122032555,117.4668,38.8657,
15122032555,117.4668,38.8657,
15122028388,117.3803,38.6672,
15122028388,117.3803,38.6672,
15122028388,117.3803,38.6672,
15122028388,117.3803,38.6672,
15102290694,117.3962,39.9016,
15102290694,117.3962,39.9016,
15102277127,117.4881,38.8589,
15102277127,117.4881,38.8589,
15102277127,117.4881,38.8589,
15102266577,117.6858,38.9746,
15102266577,117.6858,38.9746,
15102253567,117.1183,39.1888,
15102250270,117.3572,38.885,
15102250270,117.3572,38.885,
15102249637,117.402583,39.908122,
15102248143,117.4601,39.0534,
15102247230,117.362,38.975,
15102247230,117.362,38.975,
15102247230,117.362,38.975,
15102247230,117.362,38.975,
15102245123,117.2253,39.1508,
15102245123,117.2253,39.1508,
15102243654,117.7403,39.0277,
15102243654,117.7403,39.0277,
15102222966,117.0038,38.8791,
15102222913,117.7002,39.0329,
15102222335,117.6543,39.0197,
15102220333,117.2376,39.0209,
15102213388,117.4294,38.9089,
15102213388,117.4294,38.9089,
15102210788,117.8147,39.3574,
15022790990,117.3023,39.0898,
15022782626,117.7027,38.9563,
15022782626,117.7027,38.9563,
15022778981,117.1819,39.1253,
15022776651,117.2828,38.8133,
15022776651,117.2828,38.8133,
15022765289,117.0321,39.1521,
15022765111,117.2903,39.1679,
15022763062,117.1309,39.0401,
15022763062,117.1309,39.0401,
15022745618,117.2142,39.1891,
15022738678,116.9358,39.2357,
15022722456,117.4016,40.044,
15022722123,117.237,39.1815,
15022722123,117.237,39.1815,
15022713177,117.3032,38.8265,
15022707772,117.2386,39.0127,
15022699832,117.318569,39.039414,
15022692558,117.2101,39.1474,
15022686003,117.3148,39.1009,
15022683998,117.2665,39.1764,
15022628809,117.4698,39.3427,
15022628809,117.4698,39.3427,
15022625224,117.2028,39.0405,
15022619928,117.6388,39.0394,
15022619928,117.6388,39.0394,
15022594699,117.1942,39.2402,
15022594699,117.1942,39.2402,
15022590331,117.2742,39.2185,
15022589266,117.2424,39.9071,
15022583040,116.9798,38.9458,
15022583040,116.9798,38.9458,
15022583040,116.9798,38.9458,
15022573333,117.6927,39.0399,
15022569869,117.291,39.0923,
15022569216,117.2251,39.1564,
15022567958,117.291,39.1383,
15022562588,117.5938,39.0382,
15022562588,117.5938,39.0382,
15022546844,117.2367,38.9152,
15022546844,117.2367,38.9152,
15022542028,117.0234,39.1466,
15022542028,117.0234,39.1466,
15022523339,117.2364,39.1819,
15022519088,117.236,39.0951,
15022508118,117.56,39.0296,
15022508118,117.56,39.0296,
15022447789,117.3191,39.0219,
15022397456,117.1374,39.4162,
15022392567,117.3675,38.9989,
15022368555,117.1088,39.1029,
15022365553,116.9497,39.0906,
15022362263,117.4613,38.8381,
15022340933,117.5094,39.0526,
15022340933,117.5094,39.0526,
15022340933,117.5094,39.0526,
15022340404,117.2233,38.988,
15022339899,117.349,39.2475,
15022326099,117.4051,40.0363,
15022290879,117.3853,38.9391,
15022282933,117.2685,39.1265,
15022281501,117.466,38.8629,
15022280229,117.1613,39.0651,
15022280229,117.1613,39.0651,
15022270704,117.1515,39.1262,
15022263887,117.2188,39.011,
15022263887,117.2188,39.011,
15022258111,117.3052,39.0848,
15022222770,117.216864,39.172191,
15022222770,117.216864,39.172191,
15022220310,117.663,38.9815,
15022213988,117.2382,39.1921,
15022201790,117.2322,39.0325,
15022201790,117.2322,39.0325,
15022150228,117.3949,38.984,
15022113788,117.2627,39.1423,
15022111179,117.4406,38.8531,
15022078006,117.0651,39.3701,
15022069727,117.7205,39.3667,
15022061960,117.5522,39.0274,
15022056526,116.9154,38.9457,
15022056526,116.9154,38.9457,
15022042533,117.0347,38.86,
15022040085,117.1766,39.0663,
15022030331,117.2259,39.1543,
15002299444,117.079,39.3854,
15002287940,117.1838,39.158,
15002278333,117.387,38.9868,
15002255500,117.0633,39.3802,
15002244864,117.2791,39.0786,
15002238321,117.1602,39.1483,
15002238321,117.1602,39.1483,
15002231935,117.1172,39.1376,
15002224427,117.6511,39.0283,
15002222135,117.2885,38.8197,
15002222135,117.2885,38.8197,
15002212220,117.3409,39.2495,
13920999368,117.0836,39.075,
13920998813,117.2673,39.2263,
13920996812,117.857,39.5319,
13920995669,117.6189,39.3824,
13920995669,117.6189,39.3824,
13920995669,117.6189,39.3824,
13920976797,117.2874,39.0398,
13920961126,117.8216,39.3217,
13920961126,117.8216,39.3217,
13920958293,117.1379,39.1839,
13920944428,117.479,38.9512,
13920944428,117.479,38.9512,
13920944428,117.479,38.9512,
13920944428,117.479,38.9512,
13920944428,117.479,38.9512,
13920944428,117.479,38.9512,
13920924333,117.3001,39.718,
13920913341,117.1643,39.1141,
13920913341,117.1643,39.1141,
13920912999,117.2567,39.1584,
13920908609,117.1361,39.4528,
13920885365,117.2815,39.0663,
13920885365,117.2815,39.0663,
13920868227,117.3729,38.8708,
13920868227,117.3729,38.8708,
13920867592,117.1222,39.2324,
13920847133,116.9545,39.0321,
13920846783,117.308487,39.089312,
13920833022,117.2787,39.2038,
13920825870,117.765,39.5653,
13920803508,117.5765,39.2579,
13920798223,117.1849,39.1285,
13920796556,117.3837,38.9859,
13920796556,117.3837,38.9859,
13920793319,117.8265,39.3278,
13920776616,117.1022,39.1731,
13920766959,117.1897,39.3648,
13920766678,117.0323,39.132,
13920736007,117.7863,39.2422,
13920736007,117.7863,39.2422,
13920736007,117.7863,39.2422,
13920736007,117.7863,39.2422,
13920733188,117.6222,39.0094,
13920733188,117.6222,39.0094,
13920733188,117.6222,39.0094,
13920733188,117.6222,39.0094,
13920733188,117.6222,39.0094,
13920733188,117.6222,39.0094,
13920713824,116.9551,39.6227,
13920698953,117.0803,39.1185,
13920690078,117.1833,39.0487,
13920690078,117.1833,39.0487,
13920690078,117.1833,39.0487,
13920689528,117.2613,39.2032,
13920689528,117.2613,39.2032,
13920688765,117.1704,39.1352,
13920677766,117.211,39.1622,
13920677766,117.211,39.1622,
13920676221,117.0212,39.4883,
13920667288,117.4275,38.907,
13920663119,117.0859,39.6265,
13920648528,117.1521,39.1078,
13920633468,117.2621,39.7099,
13920624123,117.4695,39.0296,
13920624123,117.4695,39.0296,
13920624123,117.4695,39.0296,
13920624123,117.4695,39.0296,
13920621777,117.3305,39.0213,
13920611988,117.178,39.123,
13920611988,117.178,39.123,
13920586831,117.048,39.3703,
13920578255,116.9577,39.1628,
13920577022,117.245,39.1705,
13920571988,117.1917,39.1558,
13920559221,117.2674,39.0367,
13920559221,117.2674,39.0367,
13920559221,117.2674,39.0367,
13920553193,117.1673,39.1329,
13920553193,117.1673,39.1329,
13920522345,117.4248,38.9121,
13920521815,117.1281,39.2352,
13920519123,117.2389,39.0834,
13920519123,117.2389,39.0834,
13920519123,117.2389,39.0834,
13920501812,117.2436,39.1607,
13920499565,117.7347,39.0062,
13920475928,117.5343,39.7563,
13920473138,117.4599,39.1486,
13920468586,117.0881,39.391,
13920452678,117.2002,39.0828,
13920443511,117.7119,39.0527,
13920443511,117.7119,39.0527,
13920443511,117.7119,39.0527,
13920423466,117.8761,39.3653,
13920407778,117.2156,39.2026,
13920399667,117.292,39.1095,
13920399610,117.2571,39.1402,
13920393333,117.3415,39.0872,
13920354934,117.0939,39.2294,
13920343536,117.4084,40.045,
13920340295,117.1522,38.7504,
13920340295,117.1522,38.7504,
13920314686,117.213,39.141,
13920311411,117.6971,39.1007,
13920311411,117.6971,39.1007,
13920311411,117.6971,39.1007,
13920311411,117.6971,39.1007,
13920276589,117.1752,39.1038,
13920266565,117.1825,39.1721,
13920227337,117.6714,39.0492,
13920227337,117.6714,39.0492,
13920222249,117.1417,39.1256,
13920220202,117.1621,39.1446,
13920210208,117.1077,39.1919,
13920209040,117.156,39.0929,
13920206011,116.9889,39.3243,
13920205887,117.1048,39.1483,
13920203618,117.2168,39.1267,
13920203302,117.290251,39.023939,
13920203302,117.290251,39.023939,
13920199896,117.417,38.9143,
13920199896,117.417,38.9143,
13920199777,117.4977,38.7756,
13920199777,117.4977,38.7756,
13920162136,117.1912,39.9651,
13920151617,117.5691,39.0109,
13920151617,117.5691,39.0109,
13920151617,117.5691,39.0109,
13920151066,117.506238,38.728521,
13920132183,117.3217,39.0282,
13920132183,117.3217,39.0282,
13920120288,116.9921,39.5226,
13920118018,117.430045,39.729808,
13920115066,117.6646,39.0453,
13920114014,117.2477,39.1113,
13920097988,117.2486,39.1696,
13920086198,117.2449,39.169,
13920086198,117.2449,39.169,
13920066366,117.4056,40.0119,
13920062796,117.3855,38.9345,
13920062796,117.3855,38.9345,
13920061893,117.1822,39.1171,
13920061893,117.1822,39.1171,
13920061893,117.1822,39.1171,
13920061893,117.1822,39.1171,
13920050277,117.3763,38.8711,
13920050009,117.3799,40.1148,
13920043554,117.2501,39.1863,
13920036660,117.7571,39.3131,
13920036660,117.7571,39.3131,
13920027856,117.5033,38.7192,
13920027856,117.5033,38.7192,
13920021624,117.1205,39.1586,
13920016700,116.9454,39.2466,
13920006420,117.1184,39.1992,
13920005588,117.2608,39.1115,
13920000027,117.4841,39.822,
13902198030,117.502725,39.956523,
13902102668,117.1774,39.1211,
13902087432,117.4617,38.7023,
13902087432,117.4617,38.7023,
13821990588,117.635955,39.032897,
13821989891,117.3717,38.9337,
13821988972,117.2556,39.1581,
13821988972,117.2556,39.1581,
13821967574,117.8355,39.3357,
13821967574,117.8355,39.3357,
13821966198,117.3226,38.9454,
13821966198,117.3226,38.9454,
13821966198,117.3226,38.9454,
13821964222,117.263,39.1041,
13821956112,117.8088,39.2489,
13821941680,117.7638,39.1263,
13821935188,117.5469,39.6214,
13821917797,117.1478,39.1054,
13821915625,117.4966,39.0875,
13821915625,117.4966,39.0875,
13821911988,117.5133,39.3324,
13821911199,117.2818,39.2014,
13821908727,117.1613,38.9032,
13821907900,117.0061,39.3729,
13821898790,117.4906,39.6421,
13821898790,117.4906,39.6421,
13821891957,117.2619,39.8471,
13821891957,117.2619,39.8471,
13821888750,117.6005,40.0851,
13821888203,117.204,39.1376,
13821886808,117.2615,39.1063,
13821885460,117.3191,39.0212,
13821884548,117.078,39.192,
13821878580,117.3663,39.0751,
13821860789,117.2741,39.1501,
13821860345,117.6421,39.066,
13821858372,117.1685,39.1629,
13821850868,116.9394,38.9381,
13821823823,117.1015,39.0568,
13821821801,117.1825,39.1273,
13821821801,117.1825,39.1273,
13821821686,117.0761,39.0945,
13821820794,117.1556,39.1474,
13821809143,117.20266,39.095898,
13821804172,117.4749,38.852,
13821804172,117.4749,38.852,
13821804172,117.4749,38.852,
13821804172,117.4749,38.852,
13821796811,117.075,39.0213,
13821788444,117.829347,39.330404,
13821788444,117.829347,39.330404,
13821788444,117.829347,39.330404,
13821788444,117.829347,39.330404,
13821773123,117.235,39.1554,
13821752566,117.8164,39.3097,
13821752566,117.8164,39.3097,
13821723880,117.101,39.1256,
13821712315,117.1789,39.0654,
13821712315,117.1789,39.0654,
13821712315,117.1789,39.0654,
13821712315,117.1789,39.0654,
13821711771,117.2519,39.0884,
13821711423,116.959,38.9441,
13821711423,116.959,38.9441,
13821701918,117.39,38.9988,
13821701126,117.4525,38.9406,
13821693486,117.2079,39.1575,
13821679899,116.9112,39.1845,
13821677267,117.1523,39.1801,
13821656605,117.6498,38.997,
13821630608,117.5043,39.8575,
13821622911,117.2352,39.1458,
13821620155,117.6701,39.3556,
13821615558,117.1385,39.0883,
13821615558,117.1385,39.0883,
13821611866,117.5766,39.0227,
13821596288,117.6362,39.0424,
13821595056,117.4477,38.8338,
13821591930,117.2316,38.9879,
13821588882,117.5652,39.0118,
13821588882,117.5652,39.0118,
13821588882,117.5652,39.0118,
13821571404,117.2458,39.0969,
13821566418,116.9468,39.1795,
13821558442,117.2978,38.8529,
13821553686,117.2121,39.1546,
13821553610,117.4623,39.065,
13821546383,117.4323,38.9198,
13821543330,117.0439,39.3691,
13821526689,117.103,39.0425,
13821516910,117.6034,40.0878,
13821516444,117.2959,39.7231,
13821515380,117.1109,39.1989,
13821502539,117.0711,39.394,
13821499074,117.0813,39.1281,
13821499074,117.0813,39.1281,
13821455056,117.115,39.2635,
13821453131,117.1865,39.1205,
13821442143,117.211985,39.098951,
13821436211,117.2662,39.4564,
13821419191,117.3784,38.9847,
13821412556,116.9661,38.9631,
13821407111,117.3967,39.0629,
13821403888,117.4037,39.8144,
13821377587,117.0064,39.4747,
13821376181,117.1213,39.1388,
13821363187,117.0693,39.1524,
13821360031,117.3349,39.0242,
13821356629,117.1825,39.1197,
13821353152,117.2502,39.1394,
13821348900,117.1953,39.1926,
13821330609,117.2374,38.9914,
13821327555,117.26,39.1188,
13821325669,117.3421,38.6244,
13821321884,117.0975,39.2578,
13821316621,117.0585,39.1106,
13821314589,117.497,38.7242,
13821308546,117.2218,39.1021,
13821290777,117.2108,39.1067,
13821285042,117.2789,39.0953,
13821276205,117.3879,38.8839,
13821268166,117.1615,39.201,
13821256565,117.4176,40.041,
13821256565,117.4176,40.041,
13821255712,117.2771,39.3243,
13821233808,117.1472,39.0921,
13821224905,117.3,39.0887,
13821223986,117.2863,39.128,
13821218511,117.2452,38.9231,
13821218511,117.2452,38.9231,
13821208985,117.3591,38.8587,
13821191198,117.2622,39.0866,
13821176777,117.1726  38.7618,0,
13821176080,117.2302,39.2443,
13821172777,117.135,39.0882,
13821170473,117.495,38.7214,
13821170473,117.495,38.7214,
13821167877,116.9473,39.18,
13821155456,117.5654,40.1486,
13821152296,117.2624,39.1667,
13821142158,117.065,39.382,
13821139422,116.9112,39.1845,
13821139422,116.9112,39.1845,
13821136468,117.2525,39.202,
13821120900,117.138,39.2003,
13821120900,117.138,39.2003,
13821117456,117.2671,39.0351,
13821103856,117.0106,39.4106,
13821103856,117.0106,39.4106,
13821100556,117.311,39.0436,
13821086993,117.2205,39.0261,
13821068007,116.8399,39.4447,
13821064431,117.1967,39.1483,
13821043000,117.5806,39.2755,
13821030661,117.4456,38.8389,
13821030661,117.4456,38.8389,
13821025176,117.1764,38.748,
13821011161,117.2601,39.1989,
13821011161,117.2601,39.1989,
13821011161,117.2601,39.1989,
13821006868,117.7392,39.3786,
13821002662,117.4932,38.8433,
13820988226,117.3189,39.0221,
13820982611,117.4273,38.9085,
13820970033,117.1069,39.1253,
13820944178,116.9866,38.9347,
13820935551,117.4023,40.0427,
13820931175,117.2085,39.1415,
13820930713,117.4387,38.8408,
13820921205,117.4426,38.9301,
13820911989,117.3731,39.2716,
13820911989,117.3731,39.2716,
13820910311,117.0687,39.3791,
13820903969,117.3847,38.8738,
13820899389,117.0735,38.8396,
13820897878,117.1932,39.1507,
13820897878,117.1932,39.1507,
13820888433,117.4601,39.0534,
13820888433,117.4601,39.0534,
13820888433,117.4601,39.0534,
13820882011,117.3555,38.9953,
13820880865,117.1392,39.137,
13820873321,117.3269,39.0842,
13820856171,117.5902,39.0322,
13820843586,117.1271,39.1097,
13820829559,117.138,39.1044,
13820827865,117.2182,39.1729,
13820822087,117.6389,39.0375,
13820821951,117.0493,39.1641,
13820821951,117.0493,39.1641,
13820821951,117.0493,39.1641,
13820821951,117.0493,39.1641,
13820820137,117.0086,38.9278,
13820820137,117.0086,38.9278,
13820815515,117.3035,39.0971,
13820807772,117.4776,38.9479,
13820806733,117.5109,38.9942,
13820806733,117.5109,38.9942,
13820803434,117.1448,39.0915,
13820801113,117.3243,39.1306,
13820800532,117.5982,39.3758,
13820787587,117.5933,39.0271,
13820781055,117.2027,39.1584,
13820778946,116.9079,39.1582,
13820772488,117.2415,39.0952,
13820771212,117.1573,39.1689,
13820754004,117.1952,39.0739,
13820745022,117.3031,39.6874,
13820739240,117.1265,39.2556,
13820739171,117.124,39.2282,
13820719855,117.2828,39.9605,
13820702999,117.4501,39.0578,
13820699506,117.4644,38.7172,
13820696399,117.4182,40.0561,
13820686269,117.2568,39.205,
13820672262,117.111,39.0546,
13820659959,117.3838,38.9813,
13820633361,117.424,38.9149,
13820633361,117.424,38.9149,
13820617428,117.3137,39.1461,
13820617428,117.3137,39.1461,
13820617428,117.3137,39.1461,
13820616123,117.4465,38.926,
13820616123,117.4465,38.926,
13820603368,117.4194,40.0441,
13820602816,117.7844,39.1015,
13820602816,117.7844,39.1015,
13820599952,117.4537,38.9355,
13820598842,116.8385,39.4444,
13820594487,117.4044,40.0413,
13820588890,117.4309,39.1652,
13820588890,117.4309,39.1652,
13820584928,117.6795,39.0607,
13820584928,117.6795,39.0607,
13820581883,117.3231,39.0967,
13820578668,117.7362,39.3055,
13820562218,117.4502,38.8383,
13820562218,117.4502,38.8383,
13820553116,117.0074,39.1387,
13820551288,117.3955,38.8716,
13820541485,117.4599,38.8481,
13820541222,117.4065,38.9627,
13820541222,117.4065,38.9627,
13820540110,117.1331,39.1046,
13820540110,117.1331,39.1046,
13820536662,117.2646,39.1802,
13820529619,117.0939,39.2287,
13820520699,117.4436,39.0626,
13820520699,117.4436,39.0626,
13820500988,117.0808,39.1332,
13820500988,117.0808,39.1332,
13820494993,117.3959,39.9078,
13820489119,117.1764,38.748,
13820474947,117.1105,39.1973,
13820472052,117.1479,39.1992,
13820409995,117.2774,39.1385,
13820409995,117.2774,39.1385,
13820402078,117.2094,39.1362,
13820381130,117.1927,39.3642,
13820366677,117.1099,39.0211,
13820366658,117.2543,39.1267,
13820361658,117.4082,38.9766,
13820348785,117.7146,39.0056,
13820323758,117.4354,40.1877,
13820317028,117.2531,39.1638,
13820315095,117.1773,39.103,
13820301540,116.8578,38.952,
13820298581,117.0271,39.1958,
13820294754,117.2765,39.2263,
13820294754,117.2765,39.2263,
13820294446,117.8956,39.3627,
13820294446,117.8956,39.3627,
13820293496,117.0996,39.1247,
13820293496,117.0996,39.1247,
13820292923,117.262,39.8621,
13820285277,117.2233,38.9865,
13820278833,117.2405,39.1784,
13820271680,117.3879,38.8839,
13820267683,117.1976,39.1146,
13820267683,117.1976,39.1146,
13820266083,117.2241,39.1102,
13820262506,117.508,39.6825,
13820262121,117.2097,39.1427,
13820259234,117.38,38.9957,
13820249952,117.4915,39.2749,
13820216028,117.1575,38.9016,
13820215161,117.3342,39.1027,
13820215161,117.3342,39.1027,
13820202525,117.3776,38.9808,
13820193321,117.1258,39.1517,
13820189220,117.1975,39.2008,
13820188101,117.0248,39.1522,
13820186100,117.0892,39.1247,
13820180969,116.9105,39.0298,
13820166279,117.2885,39.1328,
13820166051,117.2009,39.1346,
13820150618,116.902,39.1819,
13820144410,116.9474,39.3267,
13820140630,117.1351,39.0897,
13820140630,117.1351,39.0897,
13820131316,117.3455,39.2519,
13820131316,117.3455,39.2519,
13820119873,117.243,39.253,
13820110818,117.2654,39.2023,
13820109757,117.0461,39.3756,
13820098383,117.6147,39.0375,
13820091150,117.212,39.1557,
13820091150,117.212,39.1557,
13820088006,117.4361,38.9943,
13820087722,117.256,39.1034,
13820085388,117.2223,39.1126,
13820085388,117.2223,39.1126,
13820072292,116.9314,39.0753,
13820067817,117.2466,39.1705,
13820066606,117.2275,39.1348,
13820061591,117.5041,39.0443,
13820061591,117.5041,39.0443,
13820045292,117.4799,38.9405,
13820026977,117.1581,39.1348,
13820024442,117.1666,39.1745,
13820023916,117.7362,38.9234,
13820022100,116.7686,38.8324,
13820020567,117.1566,39.1414,
13820014966,117.38,39.107,
13820012444,117.6706,39.0245,
13820008381,117.174,39.133,
13820001444,117.2505,39.1402,
13803065293,117.282,39.1622,
13803059093,116.9661,38.9631,
13803031855,117.276704,39.154895,
13803029875,117.4054,39.0611,
13803029875,117.4054,39.0611,
13803028205,117.2021,39.192,
13803006608,117.241468,39.109426,
13803005890,117.3944,38.6809,
13803000823,117.646,39.0446,
13802192808,117.1676,39.1246,
13802192808,117.1676,39.1246,
13802192808,117.1676,39.1246,
13802192808,117.1676,39.1246,
13802173142,117.7222,39.3894,
13802121846,117.4488,39.1103,
13802121846,117.4488,39.1103,
13802110167,117.2725,39.1326,
13802022152,116.8921,39.3007,
13752798278,117.2408,39.1137,
13752768080,117.7121,40.0013,
13752760886,116.9564,38.9462,
13752745789,117.6563,39.0607,
13752738565,117.0393,39.484,
13752737123,117.2135,39.0041,
13752737123,117.2135,39.0041,
13752728345,117.254,39.0851,
13752726222,117.322,40.0005,
13752722716,117.0311,39.1582,
13752678008,117.1371,39.1183,
13752668787,117.2103,38.9863,
13752666769,117.1899,39.0689,
13752653567,117.3822,38.9855,
13752642424,117.2974,40.0638,
13752642269,117.4261,38.9045,
13752642269,117.4261,38.9045,
13752637589,117.453,39.0611,
13752623888,117.211954,39.09896,
13752615435,117.3113,39.041,
13752615435,117.3113,39.041,
13752613472,116.9177,38.9005,
13752612139,117.3462,38.9546,
13752612139,117.3462,38.9546,
13752610199,117.0773,39.446,
13752607080,117.1257,39.2277,
13752607080,117.1257,39.2277,
13752598917,117.1896,39.123,
13752594167,117.0665,39.3687,
13752575858,117.2965,39.0622,
13752575858,117.2965,39.0622,
13752555116,117.6911,39.0555,
13752553909,117.0073,39.1423,
13752537925,117.1048,39.0563,
13752537925,117.1048,39.0563,
13752535288,117.4507,39.6923,
13752531615,117.4291,38.9849,
13752528878,117.3055,39.9825,
13752518662,117.2065,39.0092,
13752516668,117.2045,39.1828,
13752515510,117.3527,39.2574,
13752509171,117.2368,38.9973,
13752504330,117.2997,39.7074,
13752496622,117.4401,39.8213,
13752479024,117.6187,39.5856,
13752478919,117.492931,39.326856,
13752466776,117.3133,39.0391,
13752466776,117.3133,39.0391,
13752459099,117.1734,39.0593,
13752457357,117.4919,38.9861,
13752457357,117.4919,38.9861,
13752426061,117.2673,39.0353,
13752426061,117.2673,39.0353,
13752422211,117.1767,39.0652,
13752411137,117.1374,39.1582,
13752383322,117.2173,39.1132,
13752374424,116.9166,38.9342,
13752366060,117.488033,39.045247,
13752362353,117.1494,39.1476,
13752357789,117.6508,39.0603,
13752357789,117.6508,39.0603,
13752350207,117.3816,38.9849,
13752346991,117.2222,39.0448,
13752322922,117.3879,38.8839,
13752322922,117.3879,38.8839,
13752253364,117.1983,39.2011,
13752251572,117.3799,38.9861,
13752251572,117.3799,38.9861,
13752249690,117.2676,39.118,
13752244773,117.6926,39.0343,
13752244773,117.6926,39.0343,
13752211889,117.1313,39.0386,
13752202068,117.6354,39.0228,
13752176408,117.2671,39.0342,
13752174016,117.4303,38.9216,
13752173799,117.3765,40.0396,
13752167892,116.911,39.5586,
13752149734,117.1596,39.1143,
13752148449,117.4445,39.2887,
13752137654,117.4581,38.8546,
13752104300,117.3822,38.9855,
13752096826,117.3737,39.1737,
13752094409,117.7116,39.0835,
13752094409,117.7116,39.0835,
13752094409,117.7116,39.0835,
13752094409,117.7116,39.0835,
13752092698,117.2603,39.0967,
13752090444,117.2664,39.1207,
13752075808,117.3777,38.9895,
13752075808,117.3777,38.9895,
13752072678,117.167,39.2358,
13752044777,117.1116,39.1521,
13752037776,117.4102,40.1369,
13752029987,117.2286,39.1145,
13702199533,117.3794,38.9867,
13702199076,117.1805,39.1202,
13702189927,117.2093,39.0834,
13702180800,117.2031,39.1045,
13702140344,116.92,38.9306,
13702126600,117.1864,39.1452,
13702118218,117.0064,39.4059,
13702110886,117.4068,39.264,
13702093559,117.1362,39.148,
13702065559,117.4076,40.0395,
13702062345,117.1819,39.101,
13702055552,117.2007,39.1537,
13702051175,116.9741,38.9489,
13702051175,116.9741,38.9489,
13702045598,117.1713,39.1033,
13702023006,117.2193,39.107,
13702023006,117.2193,39.107,
13702016866,117.2048,38.9409,
13702014495,117.5521,39.2468,
13702014495,117.5521,39.2468,
13702011667,117.2213,38.9444,
13702010102,117.150562,39.161123,
13682188991,117.4079,39.0958,
13682187600,117.177,39.132,
13682185755,117.1539,39.0546,
13682185755,117.1539,39.0546,
13682181828,117.137,39.1044,
13682178223,117.0557,38.8349,
13682178223,117.0557,38.8349,
13682170718,117.339,39.0594,
13682137566,117.0452,39.4856,
13682136566,117.2117,39.1919,
13682121720,117.4408,38.9341,
13682121720,117.4408,38.9341,
13682099345,117.0589,39.3813,
13682099345,117.0589,39.3813,
13682099345,117.0589,39.3813,
13682099345,117.0589,39.3813,
13682093881,117.2911,39.0866,
13682093083,117.0445,39.0731,
13682091511,117.1047,39.0575,
13682091511,117.1047,39.0575,
13682091511,117.1047,39.0575,
13682091511,117.1047,39.0575,
13682089676,117.3106,39.0452,
13682089676,117.3106,39.0452,
13682089032,117.0965,38.9608,
13682087118,117.635,39.1247,
13682087108,117.1837,39.0411,
13682061280,117.2056,38.9403,
13682041755,117.355,39.0358,
13682041755,117.355,39.0358,
13682023446,117.0586,39.3212,
13682007878,117.2394,39.1607,
13682002223,117.1274,38.8643,
13672180780,117.0149,39.4845,
13672178909,117.2359,39.1838,
13672173579,117.4902,38.8063,
13672173243,117.2256,39.1526,
13672173243,117.2256,39.1526,
13672166860,117.5021,39.0439,
13672160268,117.6227,39.0074,
13672136009,117.2189,39.0306,
13672121682,117.3214,38.9465,
13672109109,117.2413,39.2234,
13672100068,117.6523,39.0252,
13672100068,117.6523,39.0252,
13672097958,117.4913,38.9469,
13672097958,117.4913,38.9469,
13672075880,117.1223,39.2255,
13672061323,117.5227,39.6414,
13672056653,117.4819,38.8272,
13672053868,117.6088,39.028,
13672053868,117.6088,39.028,
13672048036,117.2199,39.1476,
13672047853,117.2146,39.189,
13672045789,117.5143,38.7415,
13672037543,117.248,39.1871,
13672029997,117.3229,39.885,
13672023881,117.3811,38.9938,
13672023881,117.3811,38.9938,
13662195065,117.1471,39.198,
13662186170,117.2673,39.2204,
13662181238,117.6636,39.0478,
13662181238,117.6636,39.0478,
13662181137,117.3993,39.0632,
13662181101,117.5003,39.0545,
13662168368,117.2026,39.1381,
13662166600,117.0343,39.3762,
13662158783,117.2684,39.2168,
13662136136,117.4493,38.8381,
13662136136,117.4493,38.8381,
13662136136,117.4493,38.8381,
13662126767,117.3864,38.9823,
13662112113,117.1898,39.1262,
13662111143,117.2543,39.1845,
13662110889,117.1297,39.2237,
13662105523,117.6212,39.0064,
13662105523,117.6212,39.0064,
13662105505,117.2340  39.2358,0,
13662092008,117.6993,38.9901,
13662091976,117.4467,38.8397,
13662088678,117.42,38.8694,
13662088678,117.42,38.8694,
13662088678,117.42,38.8694,
13662088678,117.42,38.8694,
13662083988,117.3872,38.6677,
13662082624,117.1378,39.1051,
13662080802,117.0504,39.192,
13662063660,117.0276,39.229,
13662062022,117.0184,39.2526,
13662059007,116.9491,39.0941,
13662056626,117.0755,39.3183,
13662056626,117.0755,39.3183,
13662056293,117.1446,39.0951,
13662022830,117.8025,39.2457,
13662020309,117.3645,39.0754,
13662019998,117.3966,39.0629,
13662003841,117.452,39.1112,
13652160316,117.2165,39.1785,
13652158910,117.2748,39.2228,
13652158910,117.2748,39.2228,
13652158633,117.3247,39.7899,
13652158633,117.3247,39.7899,
13652155125,117.2095,39.1704,
13652150595,117.0755,39.3915,
13652133733,117.4227,38.8588,
13652132493,117.2947,39.0924,
13652129333,117.4816,38.8476,
13652128158,117.2344,39.0855,
13652128038,117.4596,38.8531,
13652124358,117.4367,38.9384,
13652124358,117.4367,38.9384,
13652116733,117.271,39.3378,
13652111088,117.2726,39.0725,
13652108988,117.152,39.1233,
13652070520,117.4349,40.0456,
13652067188,117.2179,39.0302,
13652066767,117.5733,39.0386,
13652066767,117.5733,39.0386,
13652066767,117.5733,39.0386,
13652066767,117.5733,39.0386,
13652065306,117.3609,38.932,
13652065306,117.3609,38.932,
13652055851,117.3756,38.87,
13652055851,117.3756,38.87,
13652055851,117.3756,38.87,
13652055851,117.3756,38.87,
13652055851,117.3756,38.87,
13652055851,117.3756,38.87,
13652055207,117.241461,39.109428,
13652055207,117.241461,39.109428,
13652052855,117.2343,39.2271,
13652048797,117.1933,39.3647,
13652025202,117.6599,39.0336,
13652025202,117.6599,39.0336,
13652018998,117.2346,39.0289,
13652017078,117.5957,39.0156,
13652013931,117.2967,39.1373,
13652013931,117.2967,39.1373,
13652010033,117.4156,38.8738,
13642191539,116.928,39.1693,
13642188033,117.071,39.3156,
13642183236,117.6908,39.0538,
13642183236,117.6908,39.0538,
13642175930,117.6879,39.0441,
13642175930,117.6879,39.0441,
13642156168,117.1725,39.0896,
13642126989,117.402,38.9774,
13642122658,117.4976,38.8633,
13642122658,117.4976,38.8633,
13642117171,117.3123,39.8939,
13642112757,117.8956,39.3627,
13642106782,117.4553,40.0564,
13642102184,117.4154,39.0654,
13642085789,117.2605,39.0993,
13642080706,117.4624,39.3409,
13642080706,117.4624,39.3409,
13642057335,117.1519,39.1257,
13642051777,117.3777,39.1682,
13642032144,117.2143,39.1636,
13642013789,117.4177,40.0414,
13642012348,117.3418,39.0251,
13642012348,117.3418,39.0251,
13622183593,117.7347,39.0062,
13622174221,116.9442,39.2538,
13622174221,116.9442,39.2538,
13622161133,117.3592,39.25,
13622157588,117.4867,38.9867,
13622151858,117.5733,39.0386,
13622121213,117.3383,39.0996,
13622121213,117.3383,39.0996,
13622117758,117.2726,39.0725,
13622117758,117.2726,39.0725,
13622102855,117.0294,39.2014,
13622100075,117.4991,39.0422,
13622098206,117.4435,38.9143,
13622098206,117.4435,38.9143,
13622091319,117.0937,39.0317,
13622087111,117.2164,39.1511,
13622081982,117.1272,39.0438,
13622072212,117.3787,38.9812,
13622057057,117.4744,38.9466,
13622055521,117.6875,39.0445,
13622055521,117.6875,39.0445,
13622055521,117.6875,39.0445,
13622055521,117.6875,39.0445,
13622034449,117.235,39.1554,
13622029796,117.3361,39.1047,
13622027551,117.2915,39.6637,
13622027452,117.412016,39.144245,
13622026129,117.1647,39.1413,
13622022135,116.917,39.1993,
13622018310,117.2246,38.9885,
13622012322,117.2681,39.2021,
13622009800,117.3557,39.2756,
13622005966,117.4105,38.9577,
13622005966,117.4105,38.9577,
13612199955,117.3376,39.247,
13612193335,117.2837,39.0509,
13612193335,117.2837,39.0509,
13612179789,116.8989,39.2875,
13612171613,117.4166,38.871,
13612170612,116.7527,38.7865,
13612163898,117.2173,39.1719,
13612161902,117.1185,39.1899,
13612161808,117.4804,38.9314,
13612160699,117.2251,39.1403,
13612154029,117.5351,39.0389,
13612144411,117.1136,39.0421,
13612131115,117.3272,38.9445,
13612123685,117.066,39.3821,
13612096907,117.1809,39.1021,
13612091296,117.5898,39.0353,
13612090110,117.4951,38.7217,
13612090110,117.4951,38.7217,
13612077703,117.3609,39.0112,
13612073813,117.1989,39.2404,
13612052849,117.2543,39.8492,
13612052849,117.2543,39.8492,
13612044675,116.9296,39.1786,
13612022612,117.0184,39.2526,
13612022612,117.0184,39.2526,
13612016429,117.6994,38.9753,
13612016123,117.4311,38.932,
13612015136,117.1723,39.0557,
13612010089,117.7567,38.9186,
13612009333,117.4228,38.9546,
13612001321,117.5545,39.0349,
13612001321,117.5545,39.0349,
13612001321,117.5545,39.0349,
13612001321,117.5545,39.0349,
13612000804,117.039,39.1911,
13602186203,117.6511,39.0888,
13602186203,117.6511,39.0888,
13602151997,117.3074,39.0912,
13602149520,117.1032,39.0682,
13602149520,117.1032,39.0682,
13602141116,117.5806,39.2755,
13602133335,117.2546,39.1245,
13602133318,117.3724,39.178,
13602130550,117.1818,39.1782,
13602127321,117.1804,39.1202,
13602125855,116.816,39.5522,
13602121217,117.2974,39.6985,
13602101818,117.594,39.0132,
13602101818,117.594,39.0132,
13602098777,117.7093,40.0035,
13602086123,117.5034,39.1039,
13602083014,117.8087,39.3476,
13602077714,117.2783,39.0965,
13602077714,117.2783,39.0965,
13602059010,117.5877,39.0315,
13602056086,117.3348,39.0854,
13602042929,117.2731,39.2038,
13602037771,117.6574,39.0554,
13602036678,117.4581,38.8298,
13602021008,117.801,39.34,
13602021008,117.801,39.34,
13602003017,117.4272,38.9054,
13602003017,117.4272,38.9054,
13602003017,117.4272,38.9054,
13602003017,117.4272,38.9054,
13602000919,117.2828,39.1479,
13516296936,117.6653,39.0012,
13516292922,117.102,39.1495,
13516271117,116.8991,39.2966,
13516267772,117.0532,39.3771,
13516266623,117.6587,39.0209,
13516266623,117.6587,39.0209,
13516255108,117.479,39.0822,
13516239918,117.5245,38.7359,
13516229855,117.1292,38.6345,
13516229566,117.0269,39.5682,
13516225368,117.2825,38.8173,
13516225368,117.2825,38.8173,
13516222626,117.0946,39.265,
13516218305,117.6653,39.0012,
13516214777,117.268,39.2123,
13516206930,117.669,39.0145,
13516206930,117.669,39.0145,
13516197890,117.3035,39.1014,
13516193617,117.5686,39.0272,
13516193617,117.5686,39.0272,
13516193617,117.5686,39.0272,
13516188021,117.0469,39.4339,
13516185606,117.1227,39.191,
13516184314,117.2718,39.1098,
13516184314,117.2718,39.1098,
13516175286,116.9543,39.6274,
13516169766,117.5833,39.0357,
13516169123,117.159,39.1749,
13516168981,117.4952,38.7297,
13516168111,117.4005,38.9501,
13516167615,117.3205,38.6207,
13516151222,117.3881,39.0006,
13516148098,117.0634,39.3803,
13516131063,117.0952,38.7374,
13516119917,117.3207,39.7067,
13516119917,117.3207,39.7067,
13516103000,117.6618,39.0231,
13512999035,117.6615,39.052,
13512999035,117.6615,39.052,
13512999035,117.6615,39.052,
13512999035,117.6615,39.052,
13512975799,117.294,39.1608,
13512975799,117.294,39.1608,
13512972484,116.9325,38.9388,
13512961283,117.2198,39.0134,
13512961283,117.2198,39.0134,
13512932886,117.4967,39.0429,
13512932886,117.4967,39.0429,
13512903048,117.4377,39.0185,
13512903048,117.4377,39.0185,
13512892068,117.5686,39.3271,
13512885528,117.275,39.0811,
13512878761,117.2164,39.1724,
13512862645,117.4229,38.9108,
13512862645,117.4229,38.9108,
13512857646,117.114,39.0492,
13512841428,117.0912,39.5352,
13512822662,117.5935,39.026,
13512819399,117.6043,39.028,
13512819399,117.6043,39.028,
13512808290,117.1812,39.1782,
13512801136,117.2635,39.2232,
13512471567,117.2501,38.8833,
13512439844,117.0861,39.3392,
13512406630,117.6038,40.144,
13512401325,117.1916,39.2117,
13512401325,117.1916,39.2117,
13512285488,117.8053,39.3155,
13512285488,117.8053,39.3155,
13512285488,117.8053,39.3155,
13512285488,117.8053,39.3155,
13512279460,117.2003,39.2413,
13512279460,117.2003,39.2413,
13512273420,117.6718,40.0745,
13512266338,117.0952,39.2635,
13512259673,117.3512,39.2526,
13512256232,117.5338,39.0482,
13512245695,117.4958,38.7232,
13512245695,117.4958,38.7232,
13512245695,117.4958,38.7232,
13512235253,117.0807,39.1475,
13512235253,117.0807,39.1475,
13512224678,117.2476,39.9089,
13512224678,117.2476,39.9089,
13512221773,117.0781,39.3828,
13512221323,117.2921,39.1165,
13512088958,117.4703,38.8492,
13512088117,117.3142,39.0889,
13512088117,117.3142,39.0889,
13512088117,117.3142,39.0889,
13512088117,117.3142,39.0889,
13512050904,117.2079,39.1575,
13512049948,117.1545,39.1192,
13512049454,117.2659,39.2211,
13512047304,117.3756,39.0808,
13512047185,117.2346,39.1522,
13512046494,117.4466,39.1145,
13512041024,116.9611,39.1819,
13512041014,117.6789,39.0619,
13512039394,117.2438,39.0119,
13512037667,117.1558,39.1757,
13512029680,117.0366,39.2807,
13512028364,117.2079,39.1575,
13512016964,117.3381,39.1186,
13512014074,117.1705,39.1298,
13512013926,117.253,39.4474,
13512010984,117.1971,39.1488,
13512008846,117.0248,39.1522,
13512007009,117.3216,39.7239,
13512001844,117.4647,39.0795,
13502196454,117.2079,39.1575,
13502194484,117.1714,39.1247,
13502193118,117.3077,39.1263,
13502189599,117.1362,39.211,
13502186858,117.41,39.996,
13502186038,117.3979,38.8748,
13502154704,117.2544,39.0528,
13502154704,117.2544,39.0528,
13502154175,117.1716,39.0582,
13502151299,117.4454,38.9292,
13502125023,117.2912,39.1417,
13502123122,117.0946,39.2908,
13502123122,117.0946,39.2908,
13502123122,117.0946,39.2908,
13502123122,117.0946,39.2908,
13502091529,117.3967,38.9511,
13502091088,117.4202,40.0341,
13502087300,116.9363,39.2358,
13502087300,116.9363,39.2358,
13502084123,117.4806,38.8352,
13502084123,117.4806,38.8352,
13502083611,117.4848,38.8561,
13502083611,117.4848,38.8561,
13502083611,117.4848,38.8561,
13502082715,117.3486,39.2546,
13502082715,117.3486,39.2546,
13502080877,117.3183,39.0221,
13502066835,117.281,39.1729,
13502066835,117.281,39.1729,
13502060567,117.2153,39.2084,
13502060567,117.2153,39.2084,
13502056372,117.2146,39.1232,
13502056372,117.2146,39.1232,
13502047322,117.1387,39.4176,
13502046833,117.2691,39.0718,
13502039876,117.268502,39.053945,
13502039876,117.268502,39.053945,
13502039347,117.4455,38.8398,
13502035151,116.8962,39.179,
13502000923,117.547,39.7621,
