1,114.5488,35.545
2,114.5488,35.545
3,114.5488,35.545
4,114.6153,38.1571
5,114.8823,36.9101
6,114.8823,36.9101
7,115.2526,33.067
8,115.7075,33.4374
9,116.5827,39.0081
10,116.5829,39.0072
11,116.5836,39.3807
12,116.6122,39.0094
13,116.6574,39.5812
14,116.6938,39.0204
15,116.7116,39.0633
16,116.7116,39.0633
17,116.7116,39.0633
18,116.7292,39.4868
19,116.7686,38.8242
20,116.7706,38.979
21,116.775,39.1739
22,116.7912,39.5563
23,116.8178,38.291
24,116.8241,39.5537
25,116.8378,39.3538
26,116.8434,39.4448
27,116.8438,39.4449
28,116.8455,39.6247
29,116.8464,39.4448
30,116.8718,39.1601
31,116.8718,39.1601
32,116.8732,38.31
33,116.8732,38.31
34,,
35,116.8746,39.5238
36,116.8749,38.3101
37,116.8755,39.5244
38,116.8793,39.5247
39,116.8801,39.525
40,116.8801,39.525
41,116.881,38.2977
42,,
43,116.881,38.2977
44,116.881,38.2977
45,116.8821,38.3026
46,116.8848,39.6349
47,116.8973,39.2974
48,116.8974,39.1873
49,116.9003,39.3681
50,116.9003,39.187
51,116.9004,39.2979
52,116.9026,39.1841
53,116.9029,39.3629
54,116.903,39.1831
55,116.9031,39.1829
56,,
57,116.9032,39.2981
58,116.9045,39.2987
59,116.9052,39.2981
60,116.9061,38.8339
61,116.9111,39.174
62,,
63,116.9111,39.174
64,116.912,39.185
65,116.9167,38.9329
66,116.9177,38.9823
67,116.9186,39.6708
68,116.9226,38.9336
69,,
70,116.9227,38.9341
71,116.9227,38.9328
72,116.9229,38.9303
73,116.9231,38.935
74,116.9232,38.9333
75,116.9233,38.9333
76,116.9233,38.9333
77,116.9233,38.9333
78,116.9233,38.9333
79,116.9234,38.9334
80,116.9245,38.933
81,116.9282,39.6628
82,116.9283,38.9323
83,116.9297,39.0657
84,116.9316,39.1696
85,116.9331,38.9322
86,116.9335,38.9315
87,116.9338,39.1703
88,116.9366,39.1715
89,116.9374,39.172
90,116.9414,39.248
91,116.9414,39.248
92,116.9426,39.2478
93,116.9454,38.9331
94,116.9454,39.2476
95,116.9464,39.2494
96,116.9488,39.2476
97,116.95,39.2473
98,116.9509,39.4841
99,116.9526,39.0912
100,116.9527,39.1784
101,116.9539,39.0911
102,116.9549,39.1552
103,116.9568,39.1568
104,,
105,116.9576,39.1573
106,116.9598,39.6235
107,116.9603,39.6232
108,116.9604,39.6229
109,116.9609,39.6241
110,116.9609,39.6252
111,116.961,38.9564
112,116.9634,39.2096
113,116.9648,38.9452
114,116.9666,39.4788
115,116.9733,39.0562
116,116.9816,38.949
117,116.9851,38.9509
118,116.9922,39.2868
119,116.9938,39.5241
120,116.9938,39.5241
121,116.9939,39.831
122,116.9947,39.0228
123,116.9947,39.0228
124,116.9969,39.8127
125,116.9979,39.4159
126,116.9984,39.2903
127,116.999,39.1944
128,116.9994,39.3996
129,117.0016,39.0743
130,117.0028,39.1366
131,117.0065,38.8952
132,117.0065,38.8953
133,117.0068,38.8958
134,117.0068,38.8954
135,117.0073,38.8909
136,117.0089,38.9251
137,117.0107,39.3208
138,117.0123,39.4309
139,117.0124,39.4027
140,117.0132,39.1369
141,117.0136,38.9346
142,117.0149,39.4037
143,117.0169,39.4806
144,117.0178,39.4796
145,117.0186,39.1405
146,117.0186,39.478
147,117.0188,39.4793
148,117.0217,39.3869
149,117.026,38.854
150,117.026,38.8544
151,117.0265,39.1177
152,117.0266,39.1333
153,117.0291,39.1415
154,117.0315,39.4089
155,117.0321,39.0664
156,117.0322,39.2401
157,117.0326,39.2407
158,117.034,39.0677
159,117.0343,39.1941
160,117.0344,39.2402
161,117.0344,39.2402
162,,
163,117.0345,39.2402
164,117.0345,39.2402
165,117.0348,39.0531
166,117.0348,39.0531
167,117.035,39.1951
168,117.0352,39.1522
169,117.0353,39.1605
170,117.0357,39.1963
171,117.0358,39.1967
172,117.0358,39.2402
173,117.0359,39.1968
174,117.0359,39.5668
175,117.036,39.2402
176,117.0362,39.1973
177,117.0364,39.161
178,117.037,39.1612
179,117.0372,39.2008
180,117.0375,39.1614
181,117.0396,39.1532
182,117.04,39.1998
183,117.04,39.1998
184,117.0403,39.1628
185,117.0488,39.0539
186,117.0492,39.0537
187,117.0492,39.0537
188,117.0492,39.0537
189,117.0524,39.3403
190,,
191,117.0546,39.2335
192,117.0551,39.4409
193,117.0558,39.3714
194,,
195,117.0576,39.1401
196,117.0576,39.1401
197,117.0588,39.3706
198,117.059,39.3786
199,117.0619,39.3791
200,117.0624,39.2343
201,117.064,39.3838
202,117.0641,38.8366
203,117.0644,39.322
204,117.0652,39.3858
205,117.0652,39.3858
206,117.0653,39.3858
207,117.0655,39.3857
208,117.0657,38.8346
209,117.0659,39.3968
210,117.0662,39.0718
211,117.0667,39.3552
212,117.0669,39.3888
213,117.067,38.8121
214,117.067,38.8121
215,117.067,38.8121
216,117.067,38.8121
217,117.0671,39.3883
218,117.0677,38.8346
219,117.069,38.8115
220,117.0698,39.3791
221,117.0698,39.3711
222,117.0699,39.3719
223,117.0702,39.3809
224,117.0716,39.3826
225,117.0716,39.3718
226,117.0721,39.383
227,117.0723,39.1101
228,117.0723,39.1101
229,117.0723,39.3824
230,117.0726,39.3782
231,117.0729,39.1319
232,117.0729,39.1319
233,117.0729,39.1319
234,117.073,39.3812
235,117.0735,39.3913
236,117.0736,39.1495
237,117.0752,38.9807
238,117.0752,39.3844
239,117.0766,39.3164
240,117.0766,39.3164
241,117.0779,39.3883
242,117.0786,39.2064
243,117.0804,39.3844
244,117.0807,38.7889
245,117.0821,39.3841
246,117.0824,39.3196
247,117.0824,39.3145
248,117.084,39.2411
249,117.0842,39.1888
250,117.0842,39.1883
251,117.0842,39.1883
252,117.0844,39.1892
253,117.0846,39.1864
254,,
255,,
256,117.0847,39.1898
257,117.0847,39.1898
258,117.0847,39.1898
259,117.0847,39.2412
260,117.0852,39.1909
261,117.0853,39.1313
262,117.0855,39.1169
263,117.0858,38.9847
264,117.0876,39.1278
265,117.0882,39.1277
266,117.0894,39.1723
267,117.0896,39.1717
268,117.0903,39.0783
269,117.0905,39.3416
270,117.0939,39.4789
271,117.0973,39.2313
272,117.0973,39.2313
273,117.0979,39.2312
274,117.0979,39.2312
275,117.0979,39.2312
276,117.0979,39.2312
277,117.0979,39.2312
278,117.0979,39.2312
279,117.0983,39.5444
280,117.0991,39.2309
281,117.0995,39.2308
282,117.0999,39.0339
283,117.0999,39.0339
284,117.1,39.5389
285,117.1011,39.0338
286,117.1036,39.0963
287,117.1036,39.0963
288,117.1036,39.0964
289,117.1041,39.2677
290,117.1042,39.1327
291,117.1047,39.1269
292,117.105,39.2623
293,117.1053,39.1329
294,117.1053,39.1329
295,117.1053,39.1329
296,117.1053,39.1329
297,117.1056,39.2614
298,117.106,39.2593
299,117.106,39.2595
300,117.1062,39.2594
301,117.1062,39.2594
302,117.1065,39.1421
303,117.1065,39.1421
304,117.1086,39.1238
305,117.1086,39.1238
306,117.1091,39.1305
307,117.1091,39.1305
308,,
309,117.1091,39.1305
310,117.1095,39.1241
311,117.1095,39.1241
312,117.1114,39.3069
313,117.1114,39.1939
314,117.1116,39.1936
315,117.1119,39.3307
316,117.1132,39.1254
317,117.1132,39.1254
318,117.1133,39.1253
319,117.1136,39.1246
320,117.1141,39.1018
321,117.1142,39.1352
322,117.1143,39.1021
323,117.1145,39.1017
324,117.1149,39.0302
325,117.1152,39.1275
326,117.1152,39.1275
327,117.1152,39.1275
328,117.1163,39.1716
329,117.1165,39.0567
330,117.1181,39.1521
331,117.1181,39.1521
332,117.1181,39.1521
333,117.1181,39.1526
334,117.1181,39.1526
335,117.1181,38.8585
336,117.1186,38.8581
337,117.1191,39.171
338,117.1193,39.1873
339,117.1216,39.2339
340,117.1216,39.2339
341,117.1219,39.054
342,117.1226,39.1436
343,117.1232,39.5147
344,117.1237,38.8643
345,117.1242,39.1377
346,117.1248,39.1915
347,117.1261,39.1237
348,117.1261,39.1237
349,117.1264,39.1938
350,117.1266,39.1341
351,117.1276,39.5793
352,117.1282,39.0866
353,117.1282,39.1432
354,117.1283,39.2331
355,117.1285,39.2326
356,,
357,117.1285,39.1
358,117.1291,39.0873
359,117.1291,39.0873
360,117.1305,39.1261
361,117.1306,39.1494
362,117.1306,39.1494
363,117.1315,39.0893
364,117.1317,39.1412
365,117.133,39.2263
366,117.1341,39.2249
367,117.1342,39.2031
368,117.1365,38.8776
369,,
370,117.1365,38.8776
371,,
372,117.1365,39.4159
373,117.137,38.6376
374,117.1372,39.0389
375,117.1374,39.2048
376,117.1376,39.0397
377,117.1376,39.0397
378,,
379,117.1379,39.1987
380,117.1379,39.1987
381,117.1383,39.0389
382,117.1393,39.1006
383,117.14,39.1035
384,117.14,39.1035
385,117.1405,38.8602
386,117.1407,39.1005
387,117.1417,39.0926
388,117.1419,39.1044
389,117.1421,39.1616
390,117.1421,39.0929
391,117.1423,39.1153
392,117.1423,39.1153
393,117.1423,39.1153
394,117.1424,39.1065
395,117.1424,39.1065
396,117.1424,39.1063
397,117.1425,39.1062
398,117.1426,39.1518
399,117.1426,39.0901
400,117.1426,39.1515
401,117.143,39.1065
402,,
403,117.1436,39.0577
404,117.1436,39.0882
405,,
406,117.1444,39.1853
407,117.1446,39.1828
408,117.1454,39.2102
409,117.1457,39.1214
410,117.1458,39.1847
411,117.1465,39.1379
412,117.1467,39.0848
413,117.1469,39.0738
414,117.1477,39.1023
415,117.1479,38.882
416,117.1479,39.1259
417,117.1481,38.9053
418,117.1483,39.0409
419,117.1487,39.1736
420,117.1499,39.1858
421,117.1518,39.1619
422,117.1518,39.162
423,,
424,117.1529,39.0928
425,117.1551,39.0527
426,,
427,117.1551,39.1379
428,117.1565,39.2002
429,117.1567,38.9018
430,,
431,117.1577,39.12
432,117.159,39.1805
433,117.1592,39.1153
434,117.1601,39.5729
435,117.1602,39.1191
436,117.1602,38.751
437,117.1602,38.751
438,117.1607,38.7466
439,117.1609,38.7463
440,117.1617,39.142
441,117.1625,39.1393
442,117.1628,39.1144
443,117.1628,39.1144
444,117.1634,39.0513
445,117.1637,39.0513
446,117.1643,39.1141
447,117.1643,39.1141
448,117.1643,39.1141
449,117.1644,39.1141
450,,
451,117.1648,39.1141
452,117.1652,39.8849
453,117.1668,38.9024
454,117.1668,38.9029
455,117.1668,39.176
456,117.1681,39.1459
457,117.1681,39.1461
458,117.1682,39.1461
459,117.1682,39.1461
460,117.1682,39.1461
461,117.1684,39.1461
462,117.1684,39.1461
463,117.1684,39.1461
464,117.1684,39.1461
465,117.1685,38.9092
466,117.1685,38.9092
467,117.1695,38.9556
468,117.1708,39.91
469,117.1708,39.1758
470,117.1722,39.0746
471,117.1728,39.5004
472,117.1729,39.1633
473,117.1731,39.2381
474,117.1731,39.2381
475,117.173473,39.0583
476,117.173473,39.0583
477,117.1735,39.1346
478,117.1745,39.1346
479,117.1753,39.0498
480,117.1753,39.0498
481,117.1754,39.1462
482,,
483,,
484,117.1756,39.0968
485,117.1765,39.0896
486,117.1773,39.1342
487,117.1783,39.1865
488,117.1784,39.059
489,117.1798,39.0648
490,117.1799,39.0688
491,,
492,117.1812,39.1898
493,117.1814,39.0675
494,117.1814,39.0894
495,117.1814,39.0894
496,117.1817,39.0667
497,117.1818,39.1752
498,,
499,117.1823,39.1511
500,117.1828,39.1042
501,117.1831,39.0657
502,117.1831,39.0657
503,117.1836,39.1204
504,117.1836,39.1204
505,117.1836,39.1204
506,117.1836,39.1204
507,117.1836,39.1204
508,117.185,39.1267
509,117.1855,39.0809
510,117.1866,39.1195
511,,
512,117.1876,39.1088
513,117.1876,39.1266
514,117.1879,39.1192
515,117.188,39.1188
516,117.1882,39.5282
517,117.1883,39.5282
518,117.1887,39.1087
519,117.1888,39.0539
520,117.1888,39.0539
521,117.1889,39.1408
522,117.189,39.0413
523,117.189,39.178
524,,
525,117.1893,39.1283
526,117.1893,39.1283
527,117.1897,39.1776
528,117.1899,39.1281
529,117.1905,39.1183
530,117.1905,39.1183
531,117.1907,39.1277
532,117.1907,39.6792
533,117.1907,39.6792
534,117.1918,39.6795
535,117.1926,39.1337
536,117.193,39.1208
537,117.1931,39.6797
538,,
539,117.1931,39.6797
540,117.1932,39.0612
541,117.1934,39.0794
542,117.1939,39.0392
543,117.1939,39.1243
544,117.194,39.0802
545,117.1941,39.0391
546,117.1948,39.0386
547,117.1954,39.1291
548,117.1954,39.1516
549,117.1957,39.1582
550,117.1957,39.1582
551,117.196,39.1585
552,117.196,39.1237
553,117.1963,39.6334
554,117.1969,39.6315
555,117.1973,39.3644
556,117.1973,39.3644
557,117.1975,39.1598
558,117.1982,39.3642
559,117.1987,39.3641
560,117.1988,39.7918
561,117.199,39.0322
562,117.1998,39.3646
563,117.1998,39.6795
564,117.2001,39.3651
565,117.2006,39.2398
566,117.2007,39.6286
567,117.2007,39.2398
568,117.2008,39.1157
569,117.2008,39.142
570,117.2009,38.6673
571,117.2015,39.1171
572,117.2015,39.1171
573,117.2016,39.9014
574,117.2018,39.2024
575,117.2018,39.0762
576,117.2022,39.1497
577,117.2022,39.1497
578,,
579,117.2022,39.1497
580,117.2022,39.1497
581,117.2023,39.7912
582,117.2023,39.1497
583,117.2024,39.7911
584,117.2024,39.791
585,117.2025,39.7911
586,117.2026,39.7913
587,117.2031,39.1654
588,117.2034,39.1929
589,117.2034,39.1929
590,117.2034,39.1929
591,117.2034,39.1929
592,117.2036,39.1931
593,117.2036,39.791
594,117.2036,39.1931
595,117.2038,39.2404
596,117.2038,39.1646
597,117.204,39.1621
598,,
599,117.204,39.1621
600,,
601,117.2044,39.1927
602,117.2049,39.7348
603,117.2049,39.7348
604,117.2049,39.2404
605,117.2052,39.7346
606,117.2052,39.7346
607,117.2053,39.1653
608,117.2053,39.2404
609,117.2056,39.1018
610,,
611,117.2056,39.1018
612,117.2058,39.1653
613,117.2066,39.1354
614,117.2066,39.1354
615,117.2066,39.1354
616,117.2068,39.2406
617,117.2075,39.1567
618,117.2077,39.1287
619,117.2082,39.1026
620,117.2089,39.1061
621,117.2092,39.1389
622,117.2094,39.3159
623,,
624,117.2097,39.1939
625,117.2102,39.1427
626,117.2102,39.2399
627,117.2104,38.9411
628,117.2105,38.9409
629,117.2109,39.0312
630,117.2112,39.0115
631,117.2115,38.9408
632,117.2116,39.0105
633,117.2117,39.0309
634,117.2117,39.0309
635,117.2122,39.1088
636,117.2122,39.1088
637,117.2124,39.1376
638,117.213,38.9722
639,117.213,39.1072
640,117.2145,39.2014
641,117.2146,38.9886
642,117.215,39.0302
643,117.2151,39.0632
644,117.2151,39.0632
645,117.2153,39.2023
646,117.2156,38.9886
647,117.2156,38.9886
648,117.2157,38.9883
649,,
650,117.2164,39.1374
651,117.2172,39.0112
652,117.2173,39.0059
653,117.2177,39.1084
654,117.2179,39.1546
655,117.2181,39.0821
656,117.2195,39.0116
657,117.2195,39.0116
658,117.22,39.1412
659,117.22,39.1412
660,117.2201,39.1411
661,,
662,117.2203,39.724
663,117.2207,39.0117
664,117.2209,39.1924
665,117.2215,39.1085
666,117.2216,39.1708
667,117.2216,39.1709
668,117.2219,39.1904
669,117.222,39.1897
670,117.222,39.1897
671,117.222,39.1714
672,117.2228,39.7463
673,117.223,39.1292
674,117.2231,39.1254
675,117.2237,39.1257
676,117.2238,39.1282
677,117.224,39.0122
678,,
679,117.2249,39.1481
680,117.2252,39.0288
681,117.2258,39.0305
682,117.2259,39.0306
683,117.226,39.0307
684,,
685,117.226,39.0307
686,,
687,117.2263,39.0665
688,117.2266,38.995
689,117.2266,39.175
690,117.227,39.0873
691,117.2273,39.226
692,117.2273,39.2272
693,117.2278,39.0185
694,117.2278,39.1759
695,117.2282,39.1497
696,117.2283,39.0823
697,117.2293,38.9851
698,117.2293,38.9851
699,117.2296,39.04
700,117.2297,38.9912
701,117.2297,38.9912
702,117.2298,38.9848
703,117.2301,38.991
704,117.2302,38.991
705,117.2302,39.0847
706,117.2302,38.9911
707,117.2302,38.9901
708,117.2302,38.991
709,117.2303,38.9911
710,117.2303,38.9907
711,117.2303,39.1709
712,117.2303,39.1709
713,117.2303,38.9907
714,117.2307,39.0827
715,117.2309,38.9852
716,117.2311,38.9852
717,117.2311,38.9852
718,117.2312,39.1541
719,117.2316,39.2107
720,117.2316,39.2107
721,117.2317,39.2207
722,117.2319,39.0945
723,117.2319,39.2519
724,117.232,39.1522
725,117.2322,39.0804
726,,
727,117.2322,38.9901
728,117.2322,39.2206
729,117.2323,39.0454
730,,
731,117.2323,39.2048
732,117.2325,39.2518
733,117.2328,39.1585
734,117.233,38.9902
735,117.2331,38.9903
736,117.2332,38.9903
737,117.2332,38.9903
738,117.2333,38.9904
739,117.2333,39.2486
740,117.2338,39.2485
741,117.2343,39.0903
742,117.2345,38.9914
743,,
744,117.2347,39.0902
745,117.2347,39.15
746,117.2348,39.2513
747,117.2348,38.9907
748,117.2349,39.1208
749,117.2368,38.9892
750,117.2369,38.6369
751,117.2377,39.0979
752,117.2383,38.8026
753,117.2389,39.1744
754,,
755,117.2389,39.0863
756,117.239,39.1744
757,117.2402,39.0839
758,117.2402,39.0839
759,117.2405,38.8181
760,117.2406,39.147
761,117.2407,39.1094
762,117.241,39.1092
763,117.2419,39.1288
764,117.242,39.1916
765,117.2423,39.1041
766,117.2423,39.5884
767,117.2428,39.1932
768,117.2428,39.0161
769,117.2431,39.182
770,117.2432,39.1822
771,117.2434,39.1823
772,117.2435,39.1465
773,,
774,117.2435,39.1465
775,117.2438,39.1465
776,117.2438,39.1465
777,117.2438,39.1465
778,117.2439,39.1469
779,117.2439,39.1469
780,117.2441,39.5851
781,117.2445,39.5847
782,117.2445,39.5848
783,117.2446,39.1377
784,117.2451,39.113
785,117.2452,39.113
786,117.2453,39.1626
787,117.2454,39.585
788,,
789,117.2458,39.0832
790,117.2461,38.9135
791,117.2464,39.1586
792,117.247,39.1359
793,117.2472,39.5853
794,117.2472,39.0025
795,117.2487,39.9087
796,,
797,117.2489,39.1628
798,117.2493,39.1628
799,117.2502,39.1719
800,117.2502,39.11
801,117.2503,39.0942
802,117.2503,39.1724
803,117.2503,39.1726
804,117.2515,39.909
805,117.2517,39.1112
806,117.2522,39.0035
807,117.2525,39.1393
808,117.2531,39.162
809,117.2536,39.173
810,117.2538,38.9707
811,117.2544,39.1848
812,117.2545,39.1736
813,117.2547,39.007
814,117.255,39.0066
815,117.2552,39.1848
816,117.2553,39.7722
817,117.2556,39.1847
818,117.2562,39.185
819,117.2562,39.185
820,117.2563,38.8834
821,117.2566,39.0563
822,117.2568,39.2055
823,117.2568,39.1412
824,117.2568,39.1092
825,117.2569,38.8835
826,117.257,39.1751
827,117.257,39.1751
828,117.2581,39.1841
829,117.2581,39.1845
830,117.2581,39.1844
831,117.2581,39.1844
832,117.2581,39.1844
833,117.2583,39.1851
834,117.2583,39.1851
835,117.2583,39.1851
836,117.2587,39.7335
837,117.2589,39.4484
838,117.2599,39.0883
839,117.2599,39.0883
840,117.2604,39.0537
841,117.2615,39.9914
842,117.2619,39.1033
843,117.2619,39.1033
844,117.2624,39.0535
845,117.2627,39.0636
846,,
847,117.2627,39.0636
848,117.2628,39.1047
849,117.263,39.1049
850,117.2636,39.2077
851,117.2637,39.206
852,,
853,117.2638,39.2064
854,117.2643,39.7901
855,117.2648,39.9908
856,117.2653,39.4512
857,117.2657,39.0613
858,117.2659,39.0657
859,117.2659,39.103
860,117.2659,39.103
861,117.2661,39.0681
862,117.2662,39.0656
863,117.2662,39.0656
864,117.2662,39.0655
865,117.2664,39.106
866,117.2664,39.2023
867,117.2666,39.2043
868,117.2666,39.1373
869,117.2669,39.2045
870,117.2673,39.1611
871,117.2681,39.9887
872,117.2686,39.7278
873,117.2686,39.0544
874,117.2687,39.0539
875,117.2688,39.7276
876,117.2689,39.1531
877,117.2695,39.129
878,117.2695,39.129
879,117.2698,39.2012
880,117.2698,39.2012
881,117.27,39.2041
882,,
883,117.2703,39.1053
884,117.2732,39.8391
885,117.2733,39.6982
886,117.2737,39.6977
887,117.2738,39.2245
888,117.274,39.7126
889,117.274,39.224
890,117.2742,39.0377
891,117.2742,39.0377
892,117.2742,39.0377
893,117.2745,39.0362
894,117.2745,39.0362
895,117.2745,39.0356
896,117.2745,39.0361
897,117.2746,39.1222
898,117.2747,39.2225
899,117.2748,39.0356
900,117.275,39.2225
901,117.2751,39.0348
902,117.2751,39.0348
903,117.2756,39.0339
904,117.2756,39.1279
905,,
906,117.2757,39.6578
907,117.2763,39.0331
908,117.2765,39.1549
909,117.2766,39.14
910,,
911,117.2767,39.1554
912,117.2768,39.0311
913,117.2768,39.2045
914,117.2768,39.1378
915,117.2768,39.1378
916,117.2771,39.1393
917,117.2772,39.0309
918,117.2774,39.7476
919,117.2776,39.1362
920,117.2781,39.7477
921,117.2782,39.7
922,117.2784,39.7001
923,117.2787,39.7476
924,117.2788,39.2036
925,117.2801,39.127
926,117.2804,39.6562
927,117.2806,39.1234
928,117.2807,39.6562
929,117.2807,39.6562
930,117.2809,39.6562
931,117.2812,39.2042
932,117.2827,39.0963
933,117.2829,39.1397
934,117.2829,39.1397
935,117.283,39.3234
936,117.2833,39.2046
937,,
938,117.2836,39.6533
939,117.2844,39.1494
940,,
941,117.2845,39.3242
942,117.2871,39.0958
943,117.2874,39.7347
944,117.2874,39.7347
945,117.2881,39.0062
946,117.2881,39.0062
947,117.2892,39.0682
948,117.2892,39.0682
949,117.2892,39.0682
950,117.2892,39.0682
951,,
952,117.2892,39.0686
953,117.2896,39.0672
954,117.2898,39.0659
955,117.2898,39.0659
956,117.2898,39.1326
957,117.2902,39.0708
958,117.2902,39.0239
959,117.2913,38.822
960,117.2922,38.8202
961,117.2928,39.0529
962,117.2932,39.0527
963,117.2934,39.1187
964,117.2936,39.6964
965,117.2944,39.1131
966,117.2957,39.1096
967,117.2958,39.1085
968,117.2971,39.5233
969,117.2973,39.0878
970,117.298,39.0966
971,117.2983,39.6854
972,,
973,117.2992,39.6904
974,117.2993,39.6903
975,117.3013,39.1616
976,117.3016,39.5239
977,117.302,39.1361
978,117.302,39.1361
979,117.3024,39.1411
980,117.3024,39.1411
981,117.3025,39.3132
982,117.3027,39.1397
983,117.3028,39.1397
984,117.3031,39.1383
985,117.3038,39.1371
986,117.3045,39.0952
987,117.3047,39.7097
988,,
989,117.3049,39.709
990,117.3051,39.7226
991,117.3052,39.709
992,117.3053,38.8531
993,117.3058,39.7166
994,117.3061,39.7152
995,117.3062,39.7217
996,117.3062,39.7224
997,117.3062,39.7215
998,117.3063,39.7219
999,117.3063,39.7221
1000,117.3063,39.7219
1001,117.3065,39.7217
1002,117.3065,39.7217
1003,117.3065,39.7219
1004,117.3065,39.7218
1005,117.3065,39.7217
1006,117.3065,39.7217
1007,117.3074,38.9211
1008,117.3083,39.7233
1009,117.3085,39.0893
1010,117.3089,39.7234
1011,117.3095,39.7235
1012,117.3097,39.0919
1013,117.3103,38.9244
1014,117.3104,39.7555
1015,117.3104,39.716
1016,,
1017,117.3104,39.716
1018,117.3104,39.716
1019,117.3105,39.7158
1020,117.3107,39.7233
1021,,
1022,117.3109,39.7233
1023,117.3114,39.7159
1024,117.3119,38.9503
1025,,
1026,117.312,39.7235
1027,117.312,39.7235
1028,117.312,39.7235
1029,117.312,39.7235
1030,117.312,38.9983
1031,117.3124,39.1128
1032,117.3124,39.1128
1033,117.313,39.0445
1034,117.3138,39.1259
1035,117.3144,39.0449
1036,117.3144,39.0449
1037,117.315,39.1284
1038,117.3153,39.7106
1039,117.3156,39.0454
1040,,
1041,117.3159,39.0407
1042,117.316,39.0453
1043,117.316,39.7105
1044,117.3163,39.0918
1045,117.3163,39.0918
1046,117.3166,39.7172
1047,117.3166,39.7105
1048,117.3174,39.1122
1049,117.3174,39.1122
1050,117.318,39.6324
1051,117.3181,39.2917
1052,117.3184,39.0409
1053,117.3184,39.0409
1054,117.3185,39.0405
1055,117.3185,39.0396
1056,117.3186,39.0871
1057,117.3186,39.04
1058,117.3187,39.0412
1059,117.3187,39.0412
1060,117.3188,39.0399
1061,117.3191,39.6316
1062,117.3221,39.7247
1063,117.3226,39.0494
1064,117.3229,39.0805
1065,117.3232,39.0395
1066,,
1067,117.3236,39.1021
1068,,
1069,117.3238,39.1135
1070,117.3243,39.732
1071,117.3243,39.7319
1072,117.3245,39.0348
1073,117.3259,39.0232
1074,117.3259,39.0232
1075,117.3262,38.9466
1076,117.3262,39.7866
1077,117.3263,39.0228
1078,117.3263,39.0228
1079,117.3264,38.9486
1080,117.3264,38.9486
1081,117.3266,38.9496
1082,117.3271,39.0248
1083,117.3271,39.0248
1084,117.3271,39.0248
1085,117.3271,39.0248
1086,117.3273,39.7923
1087,117.3275,39.0254
1088,117.328,39.7165
1089,117.328,39.7165
1090,117.3301,39.0281
1091,117.3303,39.0284
1092,117.3316,39.7974
1093,117.3322,39.1678
1094,117.3322,39.1678
1095,117.3322,39.1678
1096,117.3322,39.8863
1097,117.3324,38.948
1098,117.3325,39.1682
1099,117.3326,38.9495
1100,117.3326,38.9495
1101,117.3328,38.9492
1102,117.3328,38.949
1103,117.3346,39.086
1104,117.3357,38.9471
1105,117.3366,38.6195
1106,117.339,39.0885
1107,117.339,39.7328
1108,117.3418,38.9861
1109,117.3433,39.0865
1110,117.3433,39.0865
1111,117.3433,39.0865
1112,117.3437,39.0875
1113,117.3437,39.0875
1114,117.3437,39.0875
1115,117.3437,39.0875
1116,117.3438,39.0877
1117,117.344,39.0882
1118,117.3442,39.0989
1119,117.3444,39.5974
1120,117.3445,39.1012
1121,117.3446,39.0894
1122,117.3451,39.0905
1123,117.3452,39.0987
1124,117.3452,39.0987
1125,117.3452,39.0987
1126,117.3453,39.0983
1127,117.3453,39.0983
1128,117.3454,39.0592
1129,117.3475,39.2503
1130,117.3477,39.2505
1131,117.3478,39.025
1132,117.3478,39.025
1133,117.3481,39.2507
1134,117.349,39.024
1135,117.349,39.024
1136,117.3491,39.1116
1137,117.3498,38.9507
1138,117.3498,38.9507
1139,117.351,39.9642
1140,117.3515,39.7372
1141,117.3515,39.7372
1142,117.3521,39.2531
1143,117.3531,39.0379
1144,117.3531,39.0379
1145,117.3535,39.2565
1146,117.3543,39.085
1147,117.3547,39.2546
1148,117.3549,39.2537
1149,117.356,39.2552
1150,117.3564,39.2555
1151,117.3565,39.2556
1152,117.3565,39.2556
1153,117.3576,39.2563
1154,117.3582,39.0175
1155,,
1156,117.3583,39.2564
1157,117.3588,39.2576
1158,117.3657,38.9349
1159,117.3657,38.9349
1160,117.3657,38.9349
1161,117.3657,38.9352
1162,117.3657,38.9352
1163,117.3657,38.9353
1164,117.3659,39.101
1165,117.3663,39.0178
1166,117.3674,38.9807
1167,117.3674,38.9807
1168,,
1169,117.3684,39.1739
1170,117.3684,39.1738
1171,117.3684,39.174
1172,117.3686,39.0149
1173,117.3691,39.0758
1174,117.3692,39.1732
1175,117.3693,39.0767
1176,117.3693,39.0767
1177,117.3695,39.0774
1178,117.3695,39.0774
1179,117.3695,39.0762
1180,,
1181,117.3697,39.0783
1182,117.3709,38.982
1183,117.3709,38.982
1184,117.3722,39.2712
1185,117.3729,38.9934
1186,117.3729,38.9934
1187,117.3734,39.6773
1188,,
1189,117.3736,38.9966
1190,117.3747,38.9961
1191,117.3765,38.9803
1192,117.3765,38.9917
1193,117.3775,39.0742
1194,117.3778,39.0015
1195,117.3786,38.9783
1196,117.3793,39.268
1197,117.3793,39.1748
1198,117.3801,38.9319
1199,117.3808,38.6286
1200,117.3811,39.2687
1201,,
1202,117.382,38.8737
1203,117.382,39.5637
1204,117.3821,39.5637
1205,117.3822,38.9902
1206,,
1207,117.3822,38.9904
1208,117.3822,39.5634
1209,117.3827,38.9324
1210,117.3828,38.8724
1211,117.3828,38.8724
1212,117.3834,38.8686
1213,117.3834,38.8686
1214,117.3835,38.8722
1215,,
1216,117.3836,38.8719
1217,117.3836,39.2232
1218,117.3837,38.8748
1219,117.3841,39.2228
1220,117.3843,38.9331
1221,117.3843,39.4475
1222,117.3844,39.1015
1223,117.3845,38.9859
1224,117.3845,38.8696
1225,117.3846,38.9917
1226,117.3851,38.9775
1227,117.3851,38.8701
1228,117.3853,38.9838
1229,117.3856,38.9765
1230,117.3857,38.9871
1231,117.3858,38.8703
1232,117.3858,38.8703
1233,117.3858,38.9944
1234,117.3861,39.0101
1235,117.3861,38.9933
1236,117.3861,40.0244
1237,117.3862,38.9337
1238,117.3862,38.9337
1239,117.3862,39.0107
1240,117.3863,39.319
1241,117.3863,38.9633
1242,117.3863,38.9633
1243,117.3867,39.4493
1244,117.3868,39.4493
1245,117.3871,38.9861
1246,117.3871,39.0074
1247,117.3872,38.6681
1248,117.3873,38.6681
1249,117.3873,38.6681
1250,117.3877,38.9862
1251,117.3877,38.9861
1252,117.388,40.0272
1253,117.3886,38.8654
1254,117.3891,38.9196
1255,117.3891,38.9196
1256,117.3892,38.9921
1257,117.3893,38.9872
1258,117.3893,38.9872
1259,,
1260,117.3893,39.1563
1261,117.3894,38.9873
1262,117.3894,39.1561
1263,117.3895,39.5432
1264,,
1265,117.3895,38.9873
1266,117.3899,39.0101
1267,117.39,39.009
1268,117.3903,38.9786
1269,117.3908,39.5457
1270,117.3908,39.5458
1271,117.3908,39.5457
1272,117.3908,38.9778
1273,117.3909,38.6695
1274,117.3909,38.6695
1275,117.3916,38.9353
1276,117.3922,40.0346
1277,117.3947,38.9834
1278,117.3967,38.9872
1279,117.3967,38.9872
1280,117.3972,38.9884
1281,117.4003,38.6836
1282,117.4006,40.0451
1283,117.4006,40.0451
1284,117.4006,40.0451
1285,117.4008,38.9836
1286,117.4018,40.0454
1287,117.4018,40.0454
1288,117.4019,38.8531
1289,117.4019,38.8531
1290,117.4019,38.8531
1291,117.402,39.9082
1292,117.402,39.2542
1293,117.4024,39.0641
1294,117.4025,39.9044
1295,117.4027,38.9527
1296,117.4027,38.9527
1297,117.403,39.064
1298,117.4031,39.0639
1299,117.4032,38.9529
1300,117.4032,38.9529
1301,117.4035,38.9499
1302,117.4036,39.0643
1303,117.4039,39.0046
1304,117.4039,39.0046
1305,117.4048,39.0606
1306,117.4052,38.9541
1307,117.4055,38.9521
1308,117.4057,38.9519
1309,117.4059,38.9516
1310,117.4059,38.9516
1311,117.4064,38.951
1312,117.4064,38.9511
1313,117.4066,40.0367
1314,117.4067,38.9506
1315,117.4068,40.0355
1316,117.4069,39.1779
1317,117.4071,39.62
1318,117.4075,40.0422
1319,117.408,39.6194
1320,117.408,39.1504
1321,117.4081,39.6194
1322,117.4092,39.6191
1323,117.4092,39.1681
1324,117.4096,39.4866
1325,117.4102,38.9919
1326,117.4129,39.0669
1327,117.4133,39.0701
1328,,
1329,,
1330,,
1331,117.4133,39.0701
1332,117.4134,40.0391
1333,117.4134,40.0391
1334,117.4148,38.9946
1335,117.4178,40.0246
1336,117.4179,39.569
1337,117.4181,40.0246
1338,117.4188,40.044
1339,117.4194,40.0353
1340,117.4199,39.1223
1341,117.4199,39.1223
1342,,
1343,117.4216,38.8701
1344,117.4216,38.8701
1345,117.4234,38.9135
1346,117.4234,38.9135
1347,117.4234,38.9135
1348,117.4234,38.9135
1349,117.4234,38.9135
1350,117.4242,39.1519
1351,117.4244,38.9145
1352,117.4245,38.9144
1353,117.4245,38.9144
1354,117.4262,39.7905
1355,117.4262,38.8608
1356,117.4262,38.8608
1357,117.4262,38.8608
1358,117.4268,39.9968
1359,117.4271,39.7292
1360,117.4271,39.7304
1361,117.4279,38.8415
1362,117.4286,38.8654
1363,117.4287,39.7302
1364,117.4297,38.8625
1365,117.43,38.9124
1366,117.43,38.9124
1367,117.43,38.9124
1368,117.4301,38.9157
1369,117.4303,39.7292
1370,117.4303,39.7292
1371,117.4307,39.8716
1372,117.4312,38.9139
1373,117.4312,38.9139
1374,117.4314,38.9902
1375,117.4314,38.9134
1376,117.4314,40.0387
1377,117.4314,38.9136
1378,117.4314,38.9136
1379,117.4329,38.9855
1380,117.4329,38.9117
1381,117.4329,38.9117
1382,117.4329,38.9136
1383,117.4329,38.9106
1384,117.4329,38.9106
1385,,
1386,117.4329,38.9106
1387,117.4332,38.9138
1388,117.4333,38.9137
1389,,
1390,117.4333,38.9137
1391,117.4333,38.9136
1392,117.4333,38.9136
1393,117.4334,38.9139
1394,117.4335,38.9139
1395,117.4336,39.1047
1396,117.4338,38.9097
1397,117.434,38.9141
1398,117.434,38.9094
1399,117.4342,38.9902
1400,117.4346,38.9097
1401,117.4346,38.9097
1402,117.4347,38.9056
1403,117.4347,38.9056
1404,117.4347,38.9056
1405,117.435,38.908
1406,117.4352,38.9074
1407,117.4352,38.9072
1408,,
1409,117.4352,38.9072
1410,117.4352,38.9072
1411,117.4352,38.9072
1412,117.4352,38.9072
1413,117.4353,38.9859
1414,117.4356,38.9061
1415,117.4356,38.9061
1416,117.4359,38.9065
1417,117.4359,38.9065
1418,117.4359,38.9065
1419,117.4359,38.9065
1420,117.4359,38.9065
1421,117.4362,39.1267
1422,117.4367,38.9854
1423,117.4414,38.6823
1424,117.442,38.9362
1425,117.4423,39.2792
1426,117.4423,39.2821
1427,117.4423,39.2802
1428,117.4429,38.9272
1429,117.4429,38.9272
1430,,
1431,117.4435,39.0023
1432,117.4436,39.001
1433,117.4444,38.9342
1434,117.4459,38.9286
1435,117.4462,39.6873
1436,117.4462,39.6873
1437,117.4463,38.9289
1438,117.4466,38.9291
1439,117.4473,38.929
1440,117.4479,38.9896
1441,117.4481,39.0538
1442,117.4482,39.0547
1443,117.4482,39.0547
1444,117.4484,39.0557
1445,117.4492,38.9303
1446,117.4509,38.8393
1447,117.4511,39.6229
1448,117.4517,38.8657
1449,117.4517,38.8657
1450,117.4517,38.8657
1451,117.4524,38.8394
1452,117.4524,38.8394
1453,117.4532,39.0315
1454,117.4535,38.8489
1455,117.4536,38.8473
1456,117.4537,38.8407
1457,117.4541,38.8409
1458,117.4541,38.8409
1459,117.4541,38.8409
1460,117.4541,38.8361
1461,117.4542,38.8398
1462,117.4542,38.8398
1463,117.4542,38.838
1464,117.4544,38.8352
1465,117.4544,38.8384
1466,117.4544,38.8384
1467,117.4544,38.8384
1468,117.4544,38.8384
1469,117.4545,38.8407
1470,117.4545,38.8366
1471,,
1472,117.4545,38.8394
1473,117.4545,38.8394
1474,117.4546,38.8347
1475,117.4546,38.8347
1476,117.4549,39.0502
1477,117.4551,39.0511
1478,117.4551,39.0511
1479,117.4554,38.8404
1480,117.4554,38.8404
1481,117.4554,38.8404
1482,117.4554,38.8404
1483,117.4555,39.0533
1484,117.4557,39.0511
1485,117.4557,39.0511
1486,117.4557,39.0507
1487,117.4558,38.8397
1488,117.4558,38.8397
1489,117.456,39.0466
1490,117.456,39.0523
1491,117.4561,39.0546
1492,117.4561,39.0465
1493,117.4561,39.0465
1494,,
1495,117.4561,39.0465
1496,117.4582,38.8497
1497,117.4583,39.0644
1498,117.4584,39.0635
1499,117.4584,39.0635
1500,117.4584,39.0635
1501,117.4584,39.0635
1502,117.4644,38.85
1503,117.4647,39.1943
1504,117.4648,38.8383
1505,117.465,39.0247
1506,117.465,39.0247
1507,117.4663,38.8382
1508,,
1509,117.4664,38.847
1510,117.4673,39.2035
1511,117.4674,39.2037
1512,,
1513,117.4674,39.2037
1514,117.4679,39.1512
1515,117.4687,39.2029
1516,117.4689,38.703
1517,117.4696,39.6122
1518,117.4705,38.8474
1519,117.4717,40.0704
1520,117.4737,38.8613
1521,117.4738,38.8619
1522,117.4742,39.1978
1523,117.475,39.756
1524,117.475,38.7162
1525,117.477,39.3464
1526,117.477,39.3464
1527,117.4799,38.8459
1528,117.4809,38.7179
1529,117.4809,38.7179
1530,117.4829,38.9343
1531,117.483,38.9386
1532,117.483,38.9386
1533,117.483,38.9386
1534,117.483,38.9386
1535,117.4833,38.9489
1536,,
1537,,
1538,117.4836,38.9491
1539,117.4838,39.0816
1540,117.4838,38.9399
1541,117.4838,39.0818
1542,117.4844,39.0816
1543,117.4846,38.9486
1544,117.4852,38.7273
1545,117.4855,38.9433
1546,117.4855,38.9433
1547,,
1548,,
1549,117.4855,38.9415
1550,117.4859,38.9412
1551,117.4862,38.8371
1552,117.4862,38.8371
1553,117.4862,38.8371
1554,117.4865,38.9365
1555,117.4867,38.8364
1556,117.4867,38.8364
1557,,
1558,117.4868,38.8364
1559,117.487,38.8359
1560,117.487,38.8359
1561,,
1562,117.4872,38.7144
1563,117.4874,38.9325
1564,117.4875,38.8359
1565,117.4879,39.0445
1566,,
1567,117.488,39.0452
1568,117.4897,39.2734
1569,117.4903,39.6962
1570,117.4903,39.6962
1571,117.491,39.274
1572,117.4917,39.0462
1573,117.4917,39.0461
1574,117.4937,38.8566
1575,117.4937,38.8566
1576,117.4937,38.8566
1577,117.494,38.7359
1578,117.495,38.9867
1579,117.4951,38.8522
1580,117.4954,38.9872
1581,117.4956,38.9868
1582,117.4958,38.9871
1583,,
1584,117.4958,38.9871
1585,117.4962,38.9874
1586,117.4969,38.9881
1587,117.4981,38.8534
1588,117.4981,38.8534
1589,,
1590,117.4981,38.8534
1591,117.4982,38.8535
1592,117.4998,38.73
1593,117.5007,39.0446
1594,117.5007,39.0446
1595,117.501,39.048
1596,117.501,39.048
1597,117.501,39.048
1598,117.501,39.048
1599,117.5029,38.8052
1600,117.5032,38.7404
1601,117.5033,38.7365
1602,117.5035,38.7406
1603,117.504,39.0441
1604,117.5042,39.9566
1605,117.505,38.724
1606,117.5051,38.724
1607,117.5051,38.724
1608,117.5051,38.724
1609,117.5054,38.7407
1610,,
1611,117.5062,38.7287
1612,117.5062,39.6369
1613,117.5063,38.7242
1614,117.5063,38.7242
1615,117.5064,38.7282
1616,117.5066,39.0458
1617,117.5067,38.7274
1618,117.5074,38.7256
1619,117.5074,38.7256
1620,117.5074,38.7256
1621,117.5075,38.7251
1622,117.5076,38.7252
1623,117.5078,38.725
1624,117.5078,38.7251
1625,117.5079,38.7203
1626,117.5079,38.7203
1627,117.5082,39.6354
1628,117.5089,38.7252
1629,117.5092,38.8659
1630,117.51,39.1785
1631,117.5103,39.0466
1632,117.5105,38.9888
1633,117.5106,38.9887
1634,,
1635,117.5106,38.9887
1636,117.5115,39.6354
1637,117.5249,39.4903
1638,117.5272,39.0784
1639,117.5282,39.0376
1640,117.5317,39.7783
1641,117.5381,39.1133
1642,117.5381,39.1133
1643,117.5382,39.7561
1644,117.5382,39.7561
1645,117.5387,38.9581
1646,117.5409,39.757
1647,117.5445,39.7562
1648,117.5459,40.0812
1649,117.5509,39.0903
1650,,
1651,,
1652,117.5558,39.4208
1653,117.5558,39.42
1654,117.556,39.0372
1655,117.5579,39.0336
1656,117.5583,39.0327
1657,117.5655,39.0309
1658,117.5655,39.0309
1659,117.5655,39.0309
1660,117.5655,39.0309
1661,117.5655,39.0309
1662,117.5656,39.0307
1663,117.5656,39.0307
1664,,
1665,117.5656,39.0306
1666,117.5658,39.0303
1667,,
1668,117.5665,38.9853
1669,117.5666,38.9855
1670,117.5666,38.9854
1671,117.5673,38.9851
1672,117.5679,38.9852
1673,117.5693,39.6953
1674,117.5695,39.6953
1675,117.5695,39.6953
1676,117.57,38.9846
1677,117.5714,39.2473
1678,117.5716,39.247
1679,117.5722,39.246
1680,117.5725,39.6936
1681,117.5768,39.0266
1682,117.5768,39.0266
1683,117.5773,38.9827
1684,117.5775,39.0275
1685,117.578,39.0271
1686,117.5906,39.0336
1687,117.5999,39.0152
1688,117.6009,39.0156
1689,117.6015,39.0332
1690,117.6038,38.9839
1691,117.6054,40.0856
1692,117.6054,40.0856
1693,117.6055,40.0855
1694,117.6061,39.3735
1695,117.6065,40.0845
1696,117.6074,39.3742
1697,117.6076,39.3736
1698,117.6076,39.3736
1699,117.6076,39.3736
1700,117.6097,38.9861
1701,117.6104,40.0852
1702,117.6104,40.0852
1703,117.6111,39.5791
1704,117.6111,39.5791
1705,117.6114,39.03
1706,117.6115,39.0293
1707,117.6115,39.0293
1708,117.6115,39.029
1709,117.6115,39.029
1710,117.6115,39.029
1711,117.6115,39.029
1712,117.6116,39.0291
1713,117.6117,39.3223
1714,117.6119,39.0291
1715,117.6123,39.0213
1716,117.6125,39.0286
1717,117.6129,39.5808
1718,117.6163,39.5786
1719,117.6168,39.356
1720,117.6236,39.3708
1721,117.6285,39.0385
1722,117.629,39.0111
1723,117.6307,39.011
1724,117.6309,39.033
1725,117.6316,39.0111
1726,117.6321,39.1293
1727,117.6321,39.1293
1728,117.636,39.0328
1729,117.6364,39.1261
1730,117.6429,39.0417
1731,117.6478,39.0408
1732,117.6482,39.0646
1733,,
1734,117.6485,39.0274
1735,,
1736,117.6499,39.3362
1737,117.6509,39.0386
1738,117.6533,39.045
1739,117.6555,39.0613
1740,117.6571,39.0583
1741,117.6574,39.0611
1742,117.6575,39.0576
1743,117.6576,39.0291
1744,117.6576,39.0291
1745,,
1746,117.6576,39.0291
1747,117.6576,39.0291
1748,117.6576,39.0291
1749,117.6576,38.9972
1750,117.6577,38.9974
1751,117.6577,38.9974
1752,117.6577,39.0291
1753,117.658,39.0575
1754,117.6581,39.0574
1755,117.6586,39.0565
1756,117.6586,39.0565
1757,117.6586,39.0565
1758,117.6586,39.0566
1759,117.6589,39.0998
1760,117.66,39.0282
1761,117.66,39.0021
1762,117.66,39.0427
1763,117.6605,39.028
1764,117.6605,39.028
1765,117.6622,39.0168
1766,117.6625,39.0205
1767,117.6627,39.0278
1768,117.6639,39.0166
1769,117.6647,39.017
1770,117.6647,39.0191
1771,117.6652,39.0171
1772,117.6652,39.0171
1773,117.6654,39.0176
1774,117.6667,40.0945
1775,117.6674,39.0502
1776,117.6685,39.0545
1777,117.6687,39.0514
1778,117.6716,38.9827
1779,117.6771,39.3583
1780,117.6785,39.03
1781,117.6857,39.0339
1782,117.6914,39.0449
1783,117.6914,39.0449
1784,117.6926,40.0798
1785,117.6934,38.9096
1786,117.6937,39.0459
1787,117.6944,39.0455
1788,117.6947,39.0462
1789,,
1790,117.6947,39.0462
1791,,
1792,117.6948,38.9737
1793,117.6948,38.974
1794,117.6966,39.0441
1795,117.6969,39.0548
1796,117.697,39.0553
1797,117.6973,39.1008
1798,117.6973,39.0547
1799,117.6975,39.0438
1800,117.6976,39.0552
1801,117.6977,39.0552
1802,117.6992,39.0338
1803,117.6992,39.0338
1804,117.6999,39.0222
1805,117.7,39.4225
1806,117.7021,38.9811
1807,117.7032,39.0098
1808,117.7048,39.0386
1809,117.707,38.9598
1810,117.7078,38.9601
1811,117.7082,38.991
1812,,
1813,117.7098,39.0217
1814,117.7101,40.0765
1815,117.7123,39.0322
1816,117.7123,39.0322
1817,117.7158,39.0013
1818,117.716,39.0012
1819,117.7162,38.9972
1820,117.7168,39.0526
1821,117.7169,39.053
1822,117.7169,39.053
1823,117.7185,38.9977
1824,117.7217,39.5187
1825,117.7224,39.0054
1826,117.7225,39.0056
1827,117.7225,39.0056
1828,117.725,39.0141
1829,117.7253,39.3676
1830,117.7253,39.3687
1831,117.7301,38.9987
1832,,
1833,117.7309,39.0003
1834,117.7309,39.0003
1835,117.7314,39.001
1836,117.736,38.9301
1837,117.7403,39.3336
1838,117.7415,39.3039
1839,117.7445,39.381
1840,117.7564,39.1201
1841,117.7564,39.1201
1842,117.7581,39.5598
1843,117.7582,39.5598
1844,,
1845,117.7583,39.5603
1846,117.7663,39.0986
1847,117.7792,39.0982
1848,117.7894,39.2459
1849,117.8067,39.2429
1850,117.8067,39.2429
1851,,
1852,117.8092,39.3073
1853,117.814,39.3488
1854,117.8142,39.3284
1855,117.8159,39.3487
1856,117.8159,39.3487
1857,117.817,39.3171
1858,117.8277,39.3225
1859,117.8279,39.3244
1860,117.828,39.3246
1861,117.8293,39.3286
1862,117.8293,39.3304
1863,117.8297,39.3296
1864,117.8297,39.3287
1865,117.8299,39.3302
1866,117.8302,39.3301
1867,117.8303,39.3314
1868,117.8462,39.3499
1869,117.8468,39.3486
1870,117.8647,39.183
1871,117.8816,39.5187
1872,117.8822,39.3627
1873,117.8822,39.3627
1874,117.8822,39.3627
1875,117.8828,39.3627
1876,117.8835,39.3628
1877,117.884,39.3638
1878,117.884,39.3638
1879,118.0023,39.3085
1880,120.3265,36.3243
1881,120.378,36.3013
1882,124.7966,48.1886
1883,126.5511,44.8233
1884,117.66,39.0427
